[{"hists": [0, 0, 1, 0, 0, 1, 0, 1, 1, 2, 0, 0, 0, 0, 1, 1, 4, 0, 0, 1, 1, 0, 2, 0, 0, 1, 1, 2, 0, 1, 0, 1, 2, 2, 1, 1, 2, 1, 1, 1, 0, 2, 3, 1, 2, 1, 0, 1, 2, 2, 0, 2, 1, 0, 1, 0, 2, 1, 1, 3, 1, 1, 1, 1, 5, 0, 2, 3, 2, 2, 2, 0, 1, 1, 1, 0, 0, 1, 0, 0, 1, 1, 2, 1, 2, 0, 1, 2, 1, 3, 3, 1, 0, 1, 2, 1, 2, 1, 1, 1, 1, 4, 0, 1, 0, 0, 1, 0, 2, 2, 0, 3, 1, 2, 0, 0, 2, 3, 3, 0, 5, 2, 0, 3, 1, 2, 0, 1, 1, 0, 1, 1, 2, 0, 0, 1, 3, 3, 0, 0, 1, 1, 0, 2, 1, 1, 1, 1, 0, 1, 0, 0, 0, 3, 0, 1, 0, 4, 2, 1, 1, 1, 0, 1, 2, 1, 2, 2, 3, 3, 0, 1, 1, 2, 3, 3, 0, 0, 3, 3, 1, 1, 3, 1, 0, 1, 0, 0, 2, 0, 2, 1, 3, 0, 1, 3, 0, 2, 1, 2, 1, 0, 1, 2, 0, 0, 0, 0, 2, 0, 2, 1, 0, 3, 11, 15, 30, 45, 62, 75, 89, 85, 101, 76, 72, 63, 51, 52, 46, 38, 28, 32, 23, 24, 26, 21, 23, 17, 11, 21, 9, 10, 8, 5, 13, 8, 5, 6, 2, 7, 3, 5, 6, 3, 1, 1, 3, 2, 3, 1, 3, 2, 0, 2, 0, 1, 1, 2, 3, 0, 2, 2, 0, 1, 4, 1, 0, 0, 0, 1, 1, 1, 2, 0, 1, 3, 2, 0, 1, 1, 0, 2, 1, 1, 2, 3, 0, 2, 2, 4, 2, 3, 1, 1, 1, 1, 0, 2, 0, 1, 2, 2, 0, 2, 2, 0, 1, 2, 0, 0, 2, 2, 2, 1, 2, 1, 1, 2, 2, 1, 3, 0, 0, 1, 5, 2, 1, 1, 2, 3, 0, 3, 0, 2, 0, 2, 2, 0, 0, 0, 3, 1, 2, 1, 3, 2, 3, 6, 7, 1, 8, 5, 3, 4, 0, 5, 2, 2, 3, 2, 1, 0, 1, 2, 0, 0, 1, 0, 1, 2, 2, 1, 2, 0, 1, 1, 0, 1, 0, 1, 0, 2, 1, 2, 0, 2, 1, 1, 1, 0, 2, 0, 2, 1, 1, 1, 1, 0, 0, 2, 1, 0, 0, 0, 2, 1, 2, 1, 2, 2, 1, 2, 0, 1, 1, 0, 0, 1, 1, 0, 1, 2, 2, 0, 1, 0, 2, 1, 1, 0, 1, 1, 1, 1, 0, 2, 0, 1, 3, 0, 1, 3, 1, 1, 2, 1, 0, 3, 1, 1, 1, 0, 0, 2, 1, 3, 0, 0, 2, 0, 1, 0, 4, 1, 0, 1, 0, 0, 0, 1, 2, 0, 0, 2, 1, 0, 0, 2, 0, 2, 0, 1, 2, 2, 1, 1, 2, 1, 3, 1, 0, 1, 1, 0, 3, 0, 2, 1, 0, 1, 1, 0, 1, 0, 1, 1, 1, 0, 0, 1, 0, 1, 1, 1, 1, 1, 0, 0, 1, 0, 1, 0, 3, 0, 0, 0, 2, 2, 2, 0, 0, 0, 0, 0, 2, 1, 0, 2, 1, 0, 0, 1, 2, 1, 1, 1, 2, 1, 0, 1, 0, 0, 1, 0, 0, 1, 0, 0, 2, 1, 0, 0, 0, 0, 2, 1, 0, 0, 1, 0, 0, 0, 0, 1, 1, 0, 1, 0, 1, 0, 1, 0, 0, 0, 0, 0, 0, 1, 0, 2, 1, 0, 1, 0, 3, 1, 0, 1, 1, 1, 1, 1, 1, 0, 0, 0, 1, 1, 4, 2, 1, 0, 0, 3, 1, 0, 0, 0, 2, 0, 0, 1, 2, 0, 2, 1, 0, 2, 0, 1, 0, 0, 1, 2, 0, 1, 1, 0, 1, 0, 0, 0, 0, 0, 1, 1, 0, 0, 1, 0, 1, 2, 1, 0, 2, 1, 1, 1, 1, 0, 0, 0, 1, 0, 0, 1, 1, 0, 0, 0, 0, 1, 1, 0, 0, 1, 0, 0, 0, 3, 1, 0, 0, 0, 0, 3, 0, 0, 0, 1, 0, 2, 3, 1, 1, 1, 1, 1, 0, 1, 0, 0, 1, 1, 0, 0, 1, 2, 1, 2, 2, 0, 0, 1, 1, 2, 2, 2, 0, 1, 0, 0, 1, 0, 0, 0, 1, 1, 0, 0, 1, 0, 1, 0, 1, 2, 2, 2, 0, 0, 1, 0, 1, 0, 1, 1, 0, 3, 0, 3, 1, 0, 0, 0, 0, 0, 1, 1, 2, 1, 1, 2, 0, 0, 0, 0, 1, 1, 0, 1, 0, 2, 1, 0, 2, 0, 1, 0, 1, 1, 1, 3, 0, 2, 0, 2, 1, 1, 1, 0, 0, 0, 0, 1, 1, 1, 0, 1, 0, 0, 0, 0, 2, 0, 1, 1, 1, 1, 0, 0, 1, 0, 1, 1, 0, 2, 0, 1, 0, 0, 0, 1, 1, 2, 0, 0, 1, 2, 2, 1, 1, 0, 1, 0, 0, 0, 0, 0, 0, 0, 2, 1, 0, 0, 2, 1, 1, 1, 0, 0, 0, 2, 1, 0, 0, 1, 0, 1, 0, 1, 0, 3, 1, 1, 1, 1, 1, 0, 1, 2, 1, 1, 0, 0, 0, 1, 2, 1, 1, 0, 0, 0, 1, 1, 0, 1, 0, 1, 0, 0, 1, 1, 2, 2, 2, 0, 1, 1, 0, 1, 0, 0, 3, 1, 0, 1, 1, 0, 1, 1, 2, 0, 2, 2, 1, 0, 2, 0, 2, 1, 1, 1, 1, 2, 0, 0, 1, 1, 2, 0, 1, 0, 2, 1, 0, 0, 0, 0, 1, 0, 1, 0, 1, 1, 0, 0, 0, 3, 0, 2, 0, 2, 0, 1, 1, 2, 0, 2, 0, 0, 0, 2, 1, 0, 0, 0, 0, 1, 0, 1, 1, 2, 3, 1, 0, 0, 0, 0, 0, 0, 1, 1, 2, 1, 0, 1, 1, 0, 1, 0, 1, 0, 0, 0, 0, 1, 1, 1, 0, 2, 1, 0, 2, 0, 0, 0, 0, 1, 0, 0, 1, 0, 1, 2], "pose": [[0.7376253604888916, -0.6748306155204773, -0.022637369111180305, 0.011318684555590153], [-0.6748306155204773, -0.7356722354888916, -0.058223575353622437, 0.029111787676811218], [0.022637369111180305, 0.058223575353622437, -0.998046875, 0.4990234375], [0.0, 0.0, 0.0, 1.0]]}, {"hists": [3, 1, 0, 0, 0, 2, 2, 0, 5, 0, 0, 4, 2, 0, 0, 1, 3, 2, 2, 1, 1, 0, 0, 3, 2, 0, 1, 2, 1, 1, 1, 2, 0, 0, 1, 4, 4, 0, 0, 3, 0, 3, 0, 2, 1, 0, 1, 1, 2, 4, 0, 3, 0, 1, 3, 0, 2, 2, 0, 2, 0, 0, 0, 0, 0, 4, 2, 0, 3, 0, 2, 2, 4, 2, 1, 0, 0, 0, 2, 0, 1, 0, 3, 2, 4, 2, 1, 0, 0, 2, 0, 0, 1, 1, 1, 2, 1, 1, 1, 1, 3, 1, 2, 0, 2, 1, 6, 0, 2, 1, 0, 1, 2, 0, 0, 0, 1, 0, 1, 1, 1, 0, 5, 2, 0, 0, 0, 1, 1, 0, 1, 1, 2, 1, 4, 1, 1, 2, 2, 3, 1, 4, 1, 1, 4, 3, 3, 1, 0, 0, 1, 2, 2, 3, 1, 2, 1, 0, 2, 1, 0, 0, 1, 0, 2, 0, 0, 1, 0, 3, 2, 2, 1, 1, 0, 0, 2, 2, 2, 1, 1, 1, 1, 2, 0, 0, 0, 2, 0, 1, 2, 1, 2, 1, 2, 0, 0, 0, 0, 2, 0, 2, 0, 3, 5, 0, 2, 0, 1, 0, 2, 4, 2, 5, 14, 20, 32, 48, 56, 79, 81, 91, 73, 64, 56, 53, 48, 26, 31, 26, 23, 28, 29, 16, 20, 12, 14, 15, 12, 7, 11, 9, 6, 8, 7, 7, 4, 3, 5, 3, 4, 3, 2, 2, 3, 4, 2, 2, 0, 2, 1, 1, 1, 0, 1, 0, 2, 0, 2, 1, 2, 2, 4, 0, 1, 0, 0, 0, 1, 2, 0, 3, 1, 1, 3, 1, 1, 0, 2, 1, 1, 0, 3, 2, 3, 1, 1, 1, 2, 1, 4, 0, 1, 2, 3, 4, 1, 4, 2, 0, 1, 2, 2, 0, 3, 1, 3, 1, 3, 2, 3, 4, 4, 2, 3, 2, 2, 2, 0, 1, 2, 1, 4, 0, 3, 0, 1, 2, 1, 0, 0, 1, 2, 4, 2, 0, 1, 1, 0, 1, 0, 0, 2, 0, 4, 1, 0, 1, 1, 1, 1, 3, 2, 4, 1, 2, 0, 3, 2, 0, 1, 1, 0, 0, 1, 1, 2, 1, 1, 0, 1, 0, 1, 1, 0, 0, 1, 2, 0, 0, 1, 1, 0, 0, 0, 1, 1, 0, 1, 0, 1, 0, 2, 0, 1, 1, 1, 2, 1, 1, 0, 1, 0, 0, 0, 1, 0, 0, 1, 2, 0, 0, 1, 1, 1, 0, 1, 1, 1, 0, 0, 2, 1, 0, 0, 3, 1, 0, 0, 1, 0, 1, 1, 2, 2, 2, 3, 1, 0, 0, 0, 0, 1, 0, 0, 0, 2, 0, 1, 0, 2, 1, 1, 0, 0, 1, 0, 2, 0, 1, 0, 1, 1, 0, 2, 1, 0, 2, 0, 0, 0, 0, 0, 0, 2, 0, 1, 2, 0, 1, 0, 1, 2, 0, 0, 0, 0, 0, 0, 0, 2, 1, 1, 1, 3, 0, 0, 0, 2, 0, 0, 0, 0, 1, 0, 0, 1, 2, 2, 0, 1, 1, 0, 3, 3, 3, 1, 0, 0, 1, 0, 0, 2, 1, 1, 0, 0, 3, 0, 1, 1, 2, 2, 0, 2, 2, 1, 3, 2, 0, 2, 1, 1, 0, 1, 0, 1, 0, 0, 0, 0, 0, 1, 0, 0, 0, 0, 1, 0, 1, 0, 2, 1, 1, 0, 0, 2, 2, 1, 0, 1, 0, 3, 1, 0, 0, 0, 2, 2, 0, 1, 0, 0, 1, 1, 3, 1, 0, 1, 0, 1, 0, 1, 1, 3, 1, 0, 0, 1, 0, 3, 0, 0, 1, 0, 1, 1, 0, 0, 0, 0, 0, 1, 0, 1, 2, 0, 2, 3, 1, 1, 1, 0, 3, 0, 1, 0, 0, 0, 0, 0, 2, 3, 1, 0, 2, 2, 0, 0, 0, 0, 1, 0, 0, 2, 1, 1, 0, 2, 0, 0, 0, 2, 0, 3, 1, 1, 1, 0, 1, 2, 0, 0, 2, 0, 0, 1, 0, 0, 0, 0, 0, 0, 1, 1, 0, 1, 1, 0, 1, 0, 2, 2, 1, 0, 0, 0, 0, 1, 0, 1, 0, 2, 0, 0, 1, 2, 0, 0, 0, 1, 2, 1, 0, 0, 0, 1, 1, 0, 2, 0, 2, 0, 2, 1, 1, 0, 4, 0, 0, 1, 0, 1, 0, 0, 0, 0, 1, 0, 1, 1, 1, 1, 0, 1, 0, 0, 1, 0, 1, 1, 0, 1, 2, 0, 2, 0, 0, 1, 1, 1, 0, 1, 2, 0, 0, 1, 2, 1, 1, 1, 1, 0, 1, 1, 2, 0, 0, 1, 1, 1, 1, 2, 0, 0, 1, 1, 1, 1, 1, 0, 1, 0, 0, 0, 0, 0, 0, 0, 1, 2, 1, 1, 1, 0, 0, 1, 2, 0, 1, 0, 0, 2, 2, 0, 1, 0, 0, 0, 1, 0, 0, 0, 1, 0, 0, 0, 0, 1, 2, 2, 1, 1, 1, 2, 3, 0, 1, 1, 2, 0, 2, 1, 2, 1, 1, 1, 3, 1, 1, 2, 2, 1, 0, 1, 0, 0, 0, 0, 0, 1, 2, 0, 0, 1, 0, 1, 0, 3, 1, 0, 0, 0, 1, 0, 0, 0, 1, 1, 1, 0, 0, 0, 0, 0, 1, 3, 2, 0, 0, 0, 1, 1, 1, 1, 0, 1, 0, 1, 0, 1, 0, 1, 1, 0, 0, 1, 0, 1, 1, 1, 1, 1, 0, 1, 1, 2, 0, 0, 2, 0, 0, 1, 1, 1, 0, 1, 0, 0, 0, 2, 2, 1, 0, 0, 2, 1, 1, 0, 2, 0, 0, 1, 3, 1, 1, 2, 1, 0, 0, 0, 1, 2, 1, 2, 0, 0, 0, 2, 0, 2, 2, 0, 1, 0, 0, 1, 0, 2, 2, 0, 3, 0, 1, 0, 0, 2, 1, 1, 0, 1, 1, 1, 1, 1, 1, 0, 0, 1, 0, 0, 1, 1, 3, 0, 0, 0, 1, 2, 0, 1, 0, 2, 1, 0, 1, 0, 2, 0, 1, 1, 0, 2, 2, 1, 0, 2, 0, 0, 0, 2, 0, 2, 3], "pose": [[-0.6037266254425049, -0.7912757396697998, 0.09693727642297745, -0.048468638211488724], [-0.7912757396697998, 0.6095860004425049, 0.04782867431640625, -0.023914337158203125], [-0.09693727642297745, -0.04782867431640625, -0.994140625, 0.4970703125], [0.0, 0.0, 0.0, 1.0]]}, {"hists": [1, 3, 2, 1, 0, 0, 0, 1, 2, 2, 2, 3, 0, 0, 0, 0, 0, 1, 1, 3, 2, 1, 1, 3, 1, 1, 0, 1, 0, 2, 3, 1, 1, 0, 1, 0, 2, 1, 0, 0, 0, 1, 1, 1, 1, 2, 2, 2, 1, 0, 1, 0, 1, 0, 3, 1, 0, 1, 3, 1, 2, 5, 0, 1, 1, 1, 1, 2, 0, 0, 1, 0, 0, 1, 0, 1, 0, 1, 1, 0, 1, 1, 0, 3, 1, 1, 1, 1, 0, 2, 0, 0, 0, 0, 0, 2, 1, 1, 0, 4, 1, 1, 0, 3, 3, 0, 0, 1, 1, 1, 3, 1, 1, 0, 1, 2, 0, 2, 3, 0, 1, 1, 1, 2, 0, 0, 1, 0, 0, 1, 0, 0, 0, 2, 2, 1, 2, 0, 1, 2, 0, 0, 0, 1, 0, 0, 0, 0, 0, 0, 4, 2, 2, 0, 3, 0, 1, 0, 1, 2, 1, 0, 0, 2, 0, 0, 1, 1, 0, 2, 0, 1, 1, 0, 0, 2, 0, 1, 0, 0, 2, 3, 1, 1, 2, 0, 1, 0, 0, 3, 2, 0, 0, 1, 1, 1, 1, 0, 2, 0, 0, 0, 0, 1, 2, 1, 2, 2, 2, 2, 2, 1, 0, 0, 3, 5, 18, 22, 60, 43, 66, 86, 72, 79, 76, 44, 53, 34, 36, 39, 30, 35, 16, 29, 24, 17, 15, 18, 14, 14, 13, 9, 11, 5, 6, 0, 6, 3, 7, 5, 1, 3, 3, 0, 4, 3, 1, 2, 1, 1, 3, 1, 2, 1, 1, 1, 1, 1, 0, 1, 1, 0, 1, 1, 2, 0, 2, 0, 2, 0, 1, 1, 0, 4, 1, 2, 1, 1, 0, 0, 3, 1, 1, 3, 2, 1, 2, 0, 3, 0, 1, 1, 0, 0, 1, 2, 2, 1, 1, 2, 1, 1, 0, 3, 1, 1, 1, 2, 1, 4, 1, 0, 1, 3, 1, 1, 0, 1, 0, 0, 0, 1, 0, 2, 0, 5, 0, 1, 0, 1, 0, 3, 2, 1, 1, 1, 1, 0, 1, 0, 4, 3, 2, 4, 1, 4, 2, 6, 5, 2, 1, 0, 2, 1, 0, 1, 0, 1, 1, 1, 2, 0, 2, 0, 1, 0, 0, 1, 1, 0, 0, 0, 1, 0, 0, 2, 1, 1, 1, 0, 2, 2, 1, 2, 2, 0, 1, 0, 0, 1, 1, 0, 0, 0, 1, 1, 0, 1, 1, 0, 0, 0, 0, 0, 0, 2, 2, 1, 2, 0, 0, 1, 1, 0, 1, 2, 2, 1, 0, 1, 2, 0, 0, 0, 0, 1, 0, 3, 0, 0, 0, 2, 1, 0, 0, 2, 0, 0, 0, 2, 0, 0, 0, 0, 0, 1, 0, 0, 3, 1, 0, 0, 2, 2, 0, 1, 2, 3, 2, 2, 1, 1, 1, 1, 0, 1, 0, 1, 0, 0, 0, 0, 0, 0, 0, 0, 1, 1, 1, 0, 0, 1, 1, 0, 0, 1, 0, 2, 3, 1, 0, 1, 2, 0, 0, 0, 0, 1, 0, 0, 0, 0, 1, 1, 1, 1, 0, 1, 2, 3, 0, 1, 1, 1, 4, 1, 1, 1, 2, 0, 0, 4, 1, 0, 0, 1, 1, 0, 1, 1, 0, 2, 0, 1, 3, 1, 0, 0, 2, 2, 0, 4, 2, 0, 0, 0, 1, 0, 0, 0, 1, 1, 2, 2, 2, 0, 2, 1, 0, 0, 0, 0, 1, 0, 3, 1, 0, 0, 0, 0, 0, 2, 0, 2, 0, 1, 2, 1, 0, 0, 0, 1, 0, 1, 1, 1, 0, 0, 0, 3, 0, 0, 0, 1, 1, 2, 0, 3, 1, 2, 3, 0, 2, 0, 1, 3, 0, 2, 2, 1, 1, 0, 0, 1, 0, 2, 0, 1, 0, 1, 1, 1, 0, 1, 4, 4, 2, 0, 1, 1, 0, 1, 0, 2, 1, 0, 2, 0, 0, 1, 1, 2, 1, 0, 0, 0, 0, 0, 2, 0, 0, 1, 0, 0, 2, 0, 0, 0, 0, 1, 2, 0, 1, 0, 0, 0, 1, 0, 1, 1, 1, 1, 0, 0, 0, 0, 2, 0, 5, 1, 5, 1, 1, 1, 1, 0, 3, 3, 0, 0, 1, 3, 0, 2, 2, 0, 1, 1, 2, 0, 2, 0, 1, 1, 0, 0, 1, 0, 1, 1, 1, 1, 0, 2, 0, 1, 0, 1, 0, 1, 3, 1, 1, 1, 0, 1, 3, 1, 1, 0, 0, 0, 2, 1, 0, 0, 1, 1, 1, 0, 1, 1, 0, 1, 0, 0, 2, 1, 3, 0, 0, 1, 0, 1, 0, 1, 0, 0, 0, 1, 1, 1, 0, 2, 0, 1, 1, 0, 0, 3, 2, 0, 1, 0, 1, 2, 0, 0, 2, 0, 2, 2, 1, 0, 3, 0, 3, 0, 0, 0, 1, 0, 2, 3, 0, 1, 0, 1, 0, 1, 3, 1, 0, 1, 0, 0, 2, 0, 1, 1, 0, 0, 0, 2, 2, 0, 1, 1, 1, 0, 3, 1, 2, 1, 1, 1, 0, 1, 0, 1, 1, 0, 0, 0, 0, 0, 0, 1, 1, 0, 2, 1, 0, 0, 0, 2, 0, 0, 2, 0, 0, 2, 0, 2, 2, 0, 1, 2, 2, 1, 3, 3, 1, 0, 2, 0, 2, 2, 2, 0, 1, 1, 1, 1, 0, 1, 1, 1, 0, 2, 0, 1, 0, 2, 2, 1, 0, 1, 0, 0, 0, 0, 0, 0, 1, 0, 0, 1, 0, 0, 0, 0, 0, 1, 0, 1, 1, 0, 0, 2, 0, 0, 2, 1, 0, 0, 1, 2, 0, 5, 0, 0, 0, 0, 3, 0, 2, 0, 2, 1, 1, 1, 1, 1, 1, 0, 1, 1, 0, 0, 0, 0, 1, 1, 0, 1, 0, 1, 0, 0, 1, 1, 2, 1, 2, 1, 1, 2, 2, 0, 0, 1, 0, 0, 1, 0, 1, 0, 0, 0, 1, 1, 2, 2, 0, 0, 1, 0, 2, 1, 0, 0, 0, 0, 0, 1, 3, 1, 2, 0, 0, 0, 0, 1, 1, 0, 1, 1, 0, 0, 1, 1, 1, 2, 0, 0, 1, 0, 2, 1, 0, 0, 0, 2], "pose": [[-0.8347525596618652, 0.5341073274612427, -0.13385628163814545, 0.06692814081907272], [0.5341073274612427, 0.8445181846618652, 0.038966353982686996, -0.019483176991343498], [0.13385628163814545, -0.038966353982686996, -0.990234375, 0.4951171875], [0.0, 0.0, 0.0, 1.0]]}, {"hists": [3, 0, 2, 1, 0, 2, 1, 0, 0, 2, 2, 2, 0, 3, 0, 1, 1, 0, 3, 1, 3, 1, 0, 0, 0, 1, 1, 1, 0, 4, 2, 0, 0, 3, 1, 1, 0, 2, 1, 2, 1, 1, 2, 2, 2, 2, 2, 2, 1, 1, 0, 1, 3, 0, 2, 0, 1, 1, 5, 1, 2, 2, 1, 1, 0, 0, 1, 1, 1, 1, 1, 3, 1, 1, 0, 3, 5, 0, 2, 2, 1, 1, 1, 1, 1, 1, 1, 0, 0, 2, 1, 0, 2, 0, 1, 1, 2, 2, 2, 0, 0, 2, 0, 0, 1, 0, 1, 1, 1, 1, 4, 1, 3, 0, 4, 2, 2, 2, 3, 1, 1, 0, 2, 1, 1, 1, 0, 1, 2, 2, 2, 0, 3, 1, 3, 4, 2, 3, 2, 0, 2, 1, 0, 1, 2, 1, 2, 0, 0, 3, 1, 2, 2, 2, 0, 0, 2, 1, 2, 0, 0, 2, 1, 1, 0, 0, 2, 2, 1, 1, 1, 2, 1, 1, 1, 3, 2, 1, 0, 2, 1, 2, 1, 1, 0, 2, 1, 4, 0, 4, 2, 2, 0, 1, 2, 2, 0, 0, 0, 2, 1, 3, 2, 0, 0, 0, 2, 2, 3, 1, 6, 1, 2, 1, 1, 6, 4, 19, 20, 36, 44, 77, 90, 100, 89, 83, 72, 61, 67, 47, 46, 33, 35, 33, 29, 32, 14, 20, 31, 20, 23, 16, 5, 15, 11, 6, 8, 8, 10, 6, 6, 6, 7, 4, 7, 2, 4, 2, 4, 4, 2, 2, 1, 3, 7, 3, 0, 0, 5, 3, 3, 4, 4, 3, 2, 7, 2, 2, 2, 5, 6, 0, 5, 3, 5, 4, 4, 4, 5, 6, 13, 3, 3, 2, 6, 1, 2, 3, 1, 4, 1, 1, 5, 4, 4, 3, 3, 3, 4, 4, 3, 2, 5, 2, 3, 7, 3, 2, 2, 5, 2, 4, 2, 5, 3, 2, 2, 4, 4, 5, 2, 5, 1, 3, 3, 2, 1, 2, 1, 2, 3, 2, 2, 5, 2, 0, 0, 4, 2, 3, 2, 1, 2, 4, 3, 1, 3, 2, 4, 6, 7, 2, 2, 4, 5, 4, 5, 6, 2, 2, 5, 6, 1, 4, 1, 3, 3, 1, 1, 2, 1, 1, 3, 2, 2, 2, 0, 1, 0, 1, 0, 0, 1, 3, 1, 5, 0, 1, 1, 1, 0, 2, 2, 2, 0, 0, 1, 2, 1, 1, 1, 4, 1, 0, 1, 2, 1, 1, 0, 1, 2, 1, 1, 0, 1, 0, 1, 2, 1, 2, 0, 1, 1, 0, 1, 4, 0, 1, 1, 1, 0, 0, 0, 0, 0, 1, 1, 2, 1, 0, 1, 0, 0, 0, 1, 1, 3, 0, 0, 2, 0, 2, 1, 1, 0, 1, 2, 2, 0, 1, 0, 4, 0, 0, 1, 1, 2, 1, 0, 1, 1, 3, 2, 1, 0, 0, 1, 1, 0, 0, 0, 3, 0, 1, 2, 1, 0, 1, 0, 1, 4, 0, 0, 0, 2, 1, 1, 1, 0, 2, 1, 1, 0, 0, 0, 1, 2, 1, 0, 2, 1, 2, 0, 0, 1, 0, 1, 0, 1, 1, 0, 0, 1, 0, 1, 0, 2, 0, 1, 1, 1, 0, 1, 0, 2, 0, 1, 0, 1, 1, 0, 3, 1, 0, 2, 0, 0, 0, 0, 0, 1, 2, 1, 0, 0, 1, 0, 0, 0, 2, 1, 2, 0, 0, 1, 0, 0, 0, 2, 1, 0, 1, 1, 0, 0, 0, 1, 1, 0, 0, 0, 1, 0, 0, 1, 0, 5, 2, 0, 0, 2, 1, 2, 0, 3, 0, 1, 1, 1, 0, 0, 0, 0, 0, 2, 1, 0, 1, 3, 2, 0, 0, 1, 2, 0, 0, 0, 0, 2, 0, 0, 1, 0, 0, 0, 1, 0, 0, 1, 0, 1, 1, 0, 1, 0, 0, 1, 4, 4, 0, 3, 0, 1, 2, 0, 2, 2, 0, 0, 0, 3, 1, 1, 2, 0, 1, 2, 1, 2, 0, 0, 2, 1, 1, 1, 1, 2, 0, 0, 1, 0, 0, 0, 1, 1, 1, 2, 0, 1, 1, 0, 1, 1, 0, 0, 1, 0, 1, 0, 1, 3, 1, 0, 2, 1, 1, 1, 1, 1, 1, 1, 0, 1, 1, 1, 1, 0, 0, 2, 0, 1, 2, 0, 0, 1, 1, 1, 4, 0, 0, 0, 0, 1, 0, 0, 0, 2, 0, 0, 0, 0, 0, 1, 1, 1, 0, 0, 2, 1, 0, 0, 1, 0, 0, 0, 0, 0, 1, 0, 1, 0, 0, 1, 0, 1, 0, 2, 0, 1, 0, 1, 4, 1, 1, 0, 0, 0, 1, 0, 1, 1, 0, 0, 3, 1, 0, 0, 1, 1, 1, 1, 0, 0, 1, 0, 2, 1, 0, 1, 1, 0, 0, 1, 1, 0, 1, 0, 0, 1, 1, 0, 0, 0, 1, 1, 0, 0, 0, 0, 1, 1, 1, 3, 0, 0, 0, 2, 0, 0, 1, 1, 0, 2, 0, 0, 3, 0, 1, 1, 2, 0, 4, 0, 1, 2, 2, 2, 0, 1, 0, 1, 1, 0, 0, 0, 0, 1, 1, 0, 2, 0, 0, 0, 1, 1, 0, 2, 0, 0, 0, 0, 0, 0, 1, 0, 0, 1, 0, 0, 0, 0, 2, 0, 2, 0, 0, 1, 1, 0, 2, 1, 1, 0, 0, 2, 0, 1, 1, 1, 1, 1, 2, 0, 1, 0, 1, 1, 0, 0, 0, 0, 1, 2, 1, 1, 0, 1, 1, 0, 1, 1, 2, 2, 1, 0, 0, 0, 1, 0, 1, 0, 1, 0, 0, 1, 0, 0, 0, 1, 0, 0, 1, 1, 0, 1, 1, 2, 1, 1, 1, 0, 2, 0, 0, 1, 1, 1, 0, 0, 1, 1, 1, 0, 1, 0, 1, 0, 2, 0, 1, 1, 3, 0, 1, 2, 0, 1, 1, 2, 1, 1, 0, 0, 2, 0, 0, 0, 2, 3, 2, 0, 2, 1, 0, 2, 1, 0, 1, 0, 1, 0, 1, 0, 1, 1, 0, 1, 0, 2, 0, 1, 2, 0, 0, 1, 1, 1, 0, 1, 0, 1, 1, 0, 1], "pose": [[0.46459224820137024, 0.8813818693161011, 0.08555716276168823, -0.042778581380844116], [0.8813818693161011, -0.45092037320137024, -0.14084318280220032, 0.07042159140110016], [-0.08555716276168823, 0.14084318280220032, -0.986328125, 0.4931640625], [0.0, 0.0, 0.0, 1.0]]}, {"hists": [0, 0, 0, 2, 0, 0, 1, 0, 0, 0, 2, 2, 2, 1, 0, 0, 2, 1, 0, 0, 3, 3, 3, 1, 4, 0, 1, 1, 0, 2, 2, 0, 0, 2, 0, 2, 1, 2, 2, 1, 2, 2, 1, 0, 2, 2, 1, 0, 0, 0, 1, 1, 1, 0, 3, 2, 2, 2, 0, 1, 2, 2, 2, 2, 0, 1, 1, 1, 0, 0, 5, 1, 1, 1, 1, 1, 1, 0, 3, 2, 1, 1, 0, 1, 3, 2, 1, 0, 1, 1, 1, 2, 0, 0, 1, 2, 0, 0, 1, 0, 0, 2, 1, 1, 0, 2, 0, 4, 1, 2, 0, 1, 1, 0, 5, 2, 1, 1, 0, 1, 1, 0, 3, 3, 1, 0, 0, 0, 1, 0, 2, 2, 1, 0, 0, 1, 1, 1, 2, 0, 1, 2, 1, 1, 1, 1, 2, 3, 3, 1, 3, 0, 1, 1, 0, 1, 1, 1, 0, 1, 1, 1, 1, 1, 1, 2, 2, 1, 1, 0, 0, 4, 1, 0, 2, 2, 1, 1, 0, 0, 0, 2, 1, 2, 2, 3, 0, 0, 2, 1, 0, 1, 1, 0, 0, 2, 0, 0, 1, 2, 1, 0, 6, 1, 0, 3, 0, 0, 1, 3, 0, 1, 1, 1, 1, 3, 6, 2, 4, 12, 24, 22, 47, 71, 69, 62, 79, 62, 68, 50, 58, 38, 49, 37, 42, 15, 40, 16, 19, 25, 11, 12, 13, 18, 15, 14, 8, 14, 9, 8, 11, 13, 7, 12, 8, 2, 8, 4, 3, 7, 8, 2, 2, 6, 5, 10, 8, 6, 3, 6, 2, 0, 7, 4, 3, 8, 4, 4, 2, 4, 4, 4, 5, 4, 4, 5, 2, 2, 5, 2, 2, 5, 4, 2, 2, 3, 3, 4, 4, 5, 3, 5, 8, 2, 2, 2, 2, 2, 4, 3, 5, 3, 2, 3, 2, 3, 1, 3, 2, 3, 2, 4, 2, 7, 2, 0, 4, 2, 3, 5, 2, 5, 2, 2, 5, 2, 1, 1, 3, 2, 2, 1, 5, 2, 5, 3, 2, 3, 1, 0, 5, 2, 3, 1, 0, 1, 4, 7, 6, 6, 5, 12, 5, 12, 7, 10, 5, 5, 2, 2, 3, 1, 1, 3, 3, 2, 3, 0, 1, 4, 2, 3, 1, 2, 0, 0, 1, 0, 1, 1, 3, 1, 0, 0, 1, 0, 2, 0, 1, 1, 0, 3, 0, 1, 0, 3, 1, 1, 0, 2, 1, 1, 2, 0, 2, 0, 0, 2, 1, 2, 0, 1, 0, 0, 0, 2, 1, 0, 0, 1, 0, 0, 0, 3, 0, 0, 1, 0, 0, 0, 0, 2, 0, 1, 0, 1, 1, 1, 1, 0, 2, 2, 0, 1, 0, 0, 0, 0, 1, 0, 5, 2, 0, 0, 0, 1, 1, 1, 1, 0, 1, 0, 2, 2, 1, 1, 0, 0, 1, 1, 2, 1, 1, 0, 0, 0, 1, 1, 1, 0, 0, 1, 0, 0, 1, 1, 0, 2, 2, 1, 1, 1, 0, 1, 1, 1, 1, 1, 2, 1, 1, 1, 2, 1, 1, 2, 0, 0, 3, 2, 1, 0, 1, 1, 0, 1, 0, 0, 1, 0, 0, 1, 1, 1, 2, 0, 0, 0, 0, 0, 2, 1, 1, 0, 0, 0, 0, 0, 2, 3, 2, 1, 0, 0, 0, 4, 2, 2, 1, 0, 0, 1, 0, 1, 0, 1, 1, 0, 0, 1, 0, 1, 1, 2, 0, 0, 1, 2, 2, 0, 1, 2, 0, 1, 2, 0, 1, 0, 0, 1, 0, 3, 2, 0, 0, 0, 2, 0, 1, 1, 1, 1, 1, 0, 0, 0, 0, 1, 1, 2, 0, 1, 0, 0, 1, 0, 1, 1, 0, 2, 0, 0, 3, 1, 1, 1, 0, 0, 1, 0, 0, 0, 1, 2, 1, 1, 1, 4, 1, 1, 0, 0, 2, 1, 0, 1, 0, 0, 1, 0, 0, 0, 2, 1, 0, 0, 1, 1, 1, 1, 1, 0, 0, 0, 0, 0, 0, 1, 0, 0, 4, 1, 1, 1, 0, 0, 0, 1, 0, 0, 1, 0, 1, 0, 1, 1, 0, 0, 2, 0, 0, 0, 1, 1, 0, 2, 0, 0, 1, 0, 3, 1, 0, 1, 0, 0, 1, 3, 0, 2, 0, 1, 1, 1, 0, 1, 1, 0, 0, 0, 0, 0, 0, 1, 0, 1, 2, 2, 0, 2, 1, 0, 2, 1, 2, 1, 3, 3, 1, 2, 0, 1, 0, 1, 1, 0, 0, 0, 0, 0, 1, 1, 0, 0, 0, 1, 0, 1, 0, 0, 1, 0, 0, 2, 1, 1, 0, 0, 0, 2, 1, 1, 0, 1, 1, 1, 2, 0, 0, 1, 2, 0, 0, 1, 2, 1, 0, 0, 1, 0, 0, 0, 2, 0, 0, 1, 1, 0, 1, 1, 3, 0, 0, 3, 1, 0, 2, 1, 1, 2, 0, 2, 0, 0, 2, 0, 2, 2, 0, 3, 0, 0, 1, 1, 2, 0, 1, 1, 0, 0, 1, 0, 1, 2, 0, 0, 1, 0, 2, 0, 0, 0, 2, 1, 0, 0, 2, 0, 0, 0, 0, 0, 2, 1, 0, 1, 0, 2, 0, 0, 2, 1, 1, 2, 1, 0, 1, 1, 0, 0, 0, 0, 1, 0, 1, 0, 1, 0, 1, 1, 1, 1, 1, 0, 1, 1, 0, 1, 1, 1, 0, 1, 2, 0, 0, 0, 1, 1, 2, 0, 1, 0, 3, 0, 0, 1, 0, 0, 0, 0, 0, 1, 2, 0, 2, 0, 2, 1, 1, 0, 1, 2, 1, 2, 1, 1, 0, 0, 0, 1, 1, 2, 2, 0, 1, 0, 3, 0, 1, 2, 1, 0, 1, 0, 1, 1, 0, 0, 0, 0, 0, 1, 1, 0, 1, 1, 0, 1, 1, 2, 1, 0, 2, 3, 1, 1, 0, 0, 0, 1, 1, 0, 2, 0, 0, 0, 1, 0, 0, 1, 1, 1, 0, 0, 0, 1, 1, 1, 3, 0, 2, 1, 0, 1, 1, 1, 0, 0, 0, 2, 0, 1, 1, 0, 0, 1, 0, 2, 1, 2, 2, 0, 0, 0, 0, 2, 1, 0, 0, 0, 1, 0, 1, 4], "pose": [[0.9250105023384094, -0.3782028555870056, 0.036306679248809814, -0.018153339624404907], [-0.3782028555870056, -0.9074323773384094, 0.18310949206352234, -0.09155474603176117], [-0.036306679248809814, -0.18310949206352234, -0.982421875, 0.4912109375], [0.0, 0.0, 0.0, 1.0]]}, {"hists": [2, 0, 1, 1, 2, 1, 0, 3, 0, 1, 0, 1, 2, 1, 3, 2, 1, 0, 3, 0, 1, 1, 0, 1, 1, 2, 4, 1, 1, 0, 2, 1, 2, 1, 2, 1, 0, 0, 1, 3, 3, 0, 1, 0, 3, 1, 1, 0, 2, 1, 2, 3, 1, 3, 1, 2, 0, 1, 4, 1, 0, 0, 0, 2, 4, 2, 0, 2, 1, 2, 2, 1, 1, 0, 0, 1, 0, 4, 1, 2, 0, 1, 1, 1, 0, 0, 0, 0, 0, 1, 2, 1, 2, 1, 0, 0, 0, 0, 1, 4, 0, 1, 0, 2, 0, 3, 3, 2, 4, 1, 1, 1, 1, 0, 0, 4, 4, 0, 1, 4, 2, 2, 1, 0, 1, 0, 2, 1, 1, 1, 3, 1, 0, 0, 1, 1, 1, 2, 1, 3, 1, 1, 2, 0, 0, 0, 1, 1, 2, 2, 1, 1, 1, 3, 0, 2, 1, 2, 4, 1, 3, 1, 2, 2, 1, 1, 1, 1, 0, 0, 0, 5, 0, 2, 1, 1, 1, 1, 0, 1, 1, 1, 3, 1, 2, 0, 0, 0, 1, 1, 0, 2, 1, 2, 1, 2, 2, 2, 2, 0, 0, 1, 1, 0, 1, 0, 0, 0, 0, 2, 1, 2, 0, 1, 0, 3, 0, 7, 9, 16, 27, 51, 53, 84, 66, 75, 91, 57, 67, 48, 53, 45, 33, 28, 21, 33, 22, 26, 20, 18, 11, 18, 8, 4, 8, 6, 7, 4, 6, 5, 4, 4, 2, 4, 5, 4, 3, 1, 4, 3, 4, 1, 1, 3, 3, 4, 1, 1, 3, 1, 3, 2, 0, 0, 3, 1, 4, 1, 2, 4, 0, 1, 2, 1, 2, 3, 0, 3, 1, 4, 2, 3, 1, 6, 1, 2, 3, 2, 8, 8, 2, 5, 2, 3, 3, 2, 3, 6, 1, 5, 3, 0, 2, 0, 3, 0, 0, 2, 3, 3, 4, 2, 3, 3, 2, 3, 3, 3, 2, 2, 1, 2, 3, 5, 1, 2, 3, 2, 2, 1, 0, 0, 2, 1, 0, 2, 3, 1, 5, 4, 7, 5, 9, 5, 12, 6, 1, 6, 5, 3, 2, 2, 3, 1, 2, 1, 4, 0, 1, 0, 2, 1, 3, 3, 1, 2, 0, 1, 0, 1, 0, 0, 0, 0, 2, 0, 3, 2, 3, 3, 1, 1, 0, 3, 1, 0, 0, 1, 0, 2, 1, 0, 2, 4, 0, 0, 2, 0, 2, 0, 1, 2, 1, 1, 0, 0, 2, 0, 0, 1, 0, 3, 0, 1, 2, 0, 0, 0, 0, 2, 0, 0, 1, 0, 1, 1, 0, 0, 2, 0, 0, 1, 1, 0, 0, 3, 3, 2, 1, 1, 0, 1, 1, 0, 1, 1, 0, 1, 0, 1, 1, 1, 5, 2, 0, 0, 0, 0, 1, 3, 0, 1, 0, 1, 0, 1, 2, 2, 0, 1, 0, 0, 4, 0, 2, 2, 0, 0, 0, 2, 1, 1, 0, 0, 2, 2, 0, 0, 0, 0, 1, 0, 0, 1, 1, 0, 0, 2, 0, 1, 0, 1, 1, 0, 1, 1, 0, 1, 0, 0, 3, 2, 1, 3, 1, 0, 1, 0, 1, 1, 3, 1, 0, 1, 1, 2, 0, 1, 2, 1, 1, 2, 0, 0, 0, 2, 1, 2, 1, 0, 1, 2, 1, 0, 0, 1, 1, 0, 1, 0, 0, 2, 2, 0, 0, 0, 1, 1, 0, 0, 0, 1, 1, 2, 0, 1, 1, 0, 0, 1, 0, 1, 2, 0, 0, 2, 0, 0, 3, 0, 2, 0, 1, 2, 0, 2, 1, 0, 0, 0, 0, 0, 1, 1, 1, 1, 1, 0, 0, 0, 1, 1, 0, 0, 0, 2, 0, 0, 1, 2, 1, 0, 1, 0, 0, 0, 0, 0, 1, 0, 0, 0, 3, 1, 0, 0, 0, 1, 0, 0, 3, 0, 0, 2, 0, 1, 1, 0, 2, 0, 3, 2, 1, 0, 1, 0, 0, 0, 3, 1, 0, 5, 1, 0, 0, 0, 0, 0, 2, 0, 2, 1, 1, 0, 2, 0, 0, 0, 2, 0, 0, 1, 0, 1, 3, 0, 0, 0, 1, 0, 1, 1, 1, 0, 1, 1, 1, 0, 0, 0, 2, 0, 0, 1, 0, 0, 2, 2, 0, 0, 0, 0, 0, 2, 0, 0, 2, 3, 0, 2, 1, 2, 0, 0, 0, 0, 0, 0, 2, 1, 1, 0, 0, 0, 0, 4, 0, 0, 0, 0, 0, 1, 1, 1, 1, 1, 1, 3, 1, 1, 0, 1, 1, 0, 2, 2, 0, 0, 1, 0, 0, 0, 1, 0, 0, 0, 0, 1, 0, 0, 0, 0, 1, 2, 1, 1, 1, 2, 0, 0, 2, 1, 0, 0, 1, 3, 2, 0, 1, 0, 3, 1, 0, 0, 0, 0, 1, 0, 0, 1, 3, 0, 0, 1, 1, 1, 1, 0, 3, 2, 1, 1, 1, 0, 1, 0, 1, 1, 0, 0, 1, 0, 0, 2, 0, 0, 0, 1, 0, 0, 0, 1, 0, 1, 0, 1, 1, 1, 1, 0, 1, 0, 1, 1, 1, 2, 0, 0, 0, 3, 1, 0, 0, 0, 0, 2, 2, 1, 0, 0, 0, 0, 1, 1, 0, 1, 0, 2, 1, 1, 1, 0, 0, 0, 0, 0, 0, 1, 0, 2, 2, 0, 1, 1, 1, 0, 1, 0, 1, 1, 2, 2, 1, 0, 1, 0, 1, 2, 0, 1, 3, 1, 0, 0, 0, 2, 0, 1, 1, 0, 0, 0, 0, 1, 0, 0, 1, 0, 2, 2, 2, 0, 0, 1, 0, 0, 0, 0, 0, 0, 0, 0, 1, 0, 2, 1, 1, 0, 1, 0, 0, 0, 1, 2, 0, 0, 1, 0, 1, 1, 0, 0, 2, 0, 1, 1, 1, 2, 0, 1, 1, 1, 0, 0, 0, 0, 0, 0, 0, 0, 1, 0, 1, 1, 0, 0, 0, 1, 1, 0, 1, 1, 1, 1, 0, 1, 1, 0, 1, 3, 0, 0, 0, 0, 1, 0, 0, 0, 0, 0, 0, 0, 2, 0, 1, 1, 1, 2, 0, 1, 1, 1, 0, 0, 0, 2, 0, 1, 0, 1, 1, 0, 0, 1], "pose": [[-0.28532665967941284, -0.9439142942428589, -0.1661759316921234, 0.0830879658460617], [-0.9439142942428589, 0.30681103467941284, -0.12203577905893326, 0.06101788952946663], [0.1661759316921234, 0.12203577905893326, -0.978515625, 0.4892578125], [0.0, 0.0, 0.0, 1.0]]}, {"hists": [0, 0, 1, 1, 2, 0, 0, 0, 0, 0, 1, 2, 1, 1, 0, 4, 2, 0, 0, 0, 4, 0, 1, 1, 1, 1, 3, 0, 2, 1, 1, 1, 2, 1, 1, 1, 1, 0, 2, 1, 1, 3, 0, 1, 1, 1, 2, 0, 1, 2, 0, 1, 1, 1, 0, 0, 4, 0, 1, 0, 0, 2, 0, 0, 1, 1, 2, 2, 1, 2, 0, 1, 1, 0, 0, 0, 1, 1, 0, 2, 0, 1, 1, 0, 0, 4, 0, 2, 1, 2, 3, 2, 1, 2, 2, 1, 2, 0, 2, 1, 2, 3, 0, 2, 1, 0, 2, 1, 0, 3, 1, 1, 0, 4, 0, 1, 1, 1, 2, 0, 1, 3, 0, 2, 2, 1, 2, 1, 1, 1, 2, 1, 1, 2, 2, 0, 2, 2, 0, 2, 1, 0, 2, 2, 0, 0, 0, 2, 1, 1, 1, 1, 3, 0, 0, 1, 1, 0, 1, 0, 3, 0, 1, 2, 2, 0, 1, 1, 0, 3, 1, 1, 1, 3, 0, 3, 3, 0, 1, 3, 2, 2, 0, 2, 1, 0, 3, 1, 2, 0, 0, 1, 1, 1, 1, 1, 1, 1, 0, 4, 2, 2, 1, 0, 0, 2, 4, 2, 1, 1, 2, 0, 6, 3, 4, 11, 14, 32, 42, 67, 83, 84, 79, 86, 73, 57, 51, 35, 46, 39, 30, 28, 19, 16, 21, 24, 18, 22, 15, 7, 9, 3, 6, 10, 11, 3, 5, 5, 5, 0, 2, 0, 2, 2, 3, 1, 1, 1, 2, 1, 1, 0, 2, 3, 0, 0, 3, 1, 0, 1, 3, 1, 2, 1, 1, 1, 0, 0, 2, 1, 1, 3, 1, 1, 1, 0, 2, 1, 2, 3, 1, 4, 1, 0, 2, 1, 4, 0, 2, 2, 2, 1, 1, 3, 4, 4, 3, 1, 2, 1, 1, 0, 1, 1, 1, 3, 4, 2, 1, 1, 1, 3, 2, 2, 2, 2, 0, 0, 0, 0, 2, 0, 1, 2, 0, 1, 0, 3, 2, 1, 1, 0, 0, 2, 2, 0, 0, 3, 1, 2, 1, 1, 2, 0, 2, 0, 2, 1, 4, 1, 2, 0, 1, 2, 3, 5, 0, 2, 1, 3, 2, 1, 1, 1, 2, 1, 0, 3, 0, 0, 1, 2, 2, 0, 2, 2, 0, 1, 1, 0, 3, 1, 2, 0, 1, 1, 1, 0, 0, 1, 1, 0, 0, 0, 0, 3, 0, 1, 1, 1, 2, 1, 0, 1, 1, 0, 1, 0, 1, 0, 0, 0, 0, 0, 2, 4, 0, 1, 2, 2, 1, 0, 0, 0, 2, 0, 2, 1, 1, 0, 0, 1, 1, 0, 0, 1, 1, 1, 0, 0, 2, 2, 0, 0, 1, 1, 2, 0, 1, 1, 0, 0, 3, 1, 2, 0, 1, 0, 3, 1, 0, 0, 0, 0, 0, 0, 0, 1, 1, 2, 1, 0, 1, 1, 3, 0, 1, 1, 0, 1, 2, 0, 1, 0, 2, 2, 0, 2, 0, 1, 0, 1, 0, 0, 0, 0, 0, 1, 1, 0, 2, 1, 0, 0, 1, 1, 2, 2, 1, 1, 3, 3, 0, 0, 0, 1, 0, 1, 1, 3, 0, 1, 2, 1, 1, 3, 0, 2, 0, 0, 3, 1, 3, 0, 1, 0, 1, 1, 2, 1, 1, 2, 1, 3, 0, 1, 1, 1, 1, 0, 0, 0, 1, 0, 1, 3, 1, 2, 0, 1, 0, 0, 0, 2, 3, 1, 3, 1, 3, 1, 0, 0, 1, 1, 1, 1, 1, 0, 1, 0, 1, 0, 1, 3, 2, 1, 2, 2, 1, 2, 0, 1, 1, 0, 0, 0, 0, 3, 0, 0, 2, 0, 0, 1, 2, 1, 0, 1, 1, 0, 1, 0, 1, 0, 3, 1, 1, 1, 1, 1, 1, 1, 0, 1, 1, 0, 0, 1, 1, 1, 0, 3, 1, 0, 0, 1, 1, 0, 1, 1, 0, 2, 0, 1, 0, 1, 0, 0, 0, 1, 0, 1, 1, 1, 0, 0, 1, 2, 0, 2, 0, 0, 1, 1, 1, 1, 0, 0, 1, 0, 0, 1, 1, 0, 0, 1, 3, 0, 2, 0, 0, 1, 0, 2, 0, 1, 2, 1, 0, 1, 3, 0, 0, 1, 0, 1, 0, 1, 1, 2, 0, 1, 1, 0, 2, 0, 0, 0, 0, 1, 0, 1, 1, 1, 3, 1, 4, 1, 0, 1, 0, 0, 2, 1, 0, 1, 0, 0, 2, 0, 1, 1, 0, 2, 0, 3, 1, 1, 0, 2, 0, 1, 1, 1, 1, 1, 0, 0, 1, 0, 1, 0, 0, 1, 0, 2, 1, 1, 1, 4, 1, 0, 1, 0, 1, 0, 1, 0, 1, 0, 1, 0, 2, 1, 0, 1, 2, 0, 1, 1, 2, 0, 3, 0, 0, 0, 0, 1, 0, 0, 0, 0, 0, 1, 1, 0, 0, 0, 2, 0, 2, 2, 0, 0, 1, 0, 0, 0, 1, 3, 1, 0, 2, 0, 2, 0, 0, 0, 1, 0, 2, 2, 1, 0, 1, 0, 0, 1, 0, 0, 0, 1, 0, 2, 0, 2, 2, 0, 1, 1, 0, 1, 0, 1, 0, 1, 0, 0, 1, 1, 0, 2, 1, 1, 0, 0, 0, 1, 0, 0, 0, 1, 2, 2, 1, 0, 0, 1, 0, 1, 0, 1, 3, 1, 0, 1, 0, 0, 0, 1, 1, 0, 0, 0, 2, 2, 0, 2, 0, 0, 1, 1, 1, 0, 0, 3, 1, 0, 1, 0, 2, 0, 1, 2, 1, 0, 1, 1, 0, 1, 2, 2, 0, 0, 1, 0, 0, 0, 1, 1, 0, 0, 0, 0, 3, 1, 1, 0, 1, 0, 1, 0, 0, 1, 0, 1, 0, 1, 1, 0, 3, 0, 0, 0, 0, 2, 0, 2, 1, 2, 0, 0, 0, 1, 2, 1, 0, 0, 1, 1, 0, 0, 0, 2, 0, 0, 0, 0, 0, 1, 0, 0, 0, 0, 2, 0, 0, 1, 1, 0, 0, 0, 0, 0, 1, 0, 0, 1, 0, 0, 1, 1, 4, 0, 0, 0, 0, 1, 2, 0, 0, 0, 1, 1, 0, 1, 1, 2, 0, 0, 1, 1, 1, 1], "pose": [[-0.9515812397003174, 0.2119935005903244, 0.2226024866104126, -0.1113012433052063], [0.2119935005903244, 0.9769718647003174, -0.024180535227060318, 0.012090267613530159], [-0.2226024866104126, 0.024180535227060318, -0.974609375, 0.4873046875], [0.0, 0.0, 0.0, 1.0]]}, {"hists": [3, 0, 1, 0, 2, 0, 1, 2, 3, 3, 0, 1, 1, 0, 1, 0, 1, 1, 1, 0, 1, 0, 1, 0, 3, 0, 1, 3, 1, 2, 1, 1, 1, 2, 0, 2, 1, 0, 1, 2, 2, 1, 1, 2, 2, 1, 0, 2, 0, 0, 1, 1, 2, 3, 4, 0, 1, 1, 0, 3, 0, 2, 0, 2, 1, 1, 3, 0, 4, 1, 0, 1, 1, 0, 4, 1, 1, 1, 0, 2, 1, 0, 1, 1, 3, 2, 1, 2, 0, 1, 1, 0, 1, 0, 4, 0, 0, 4, 0, 2, 2, 1, 2, 0, 1, 1, 2, 2, 0, 0, 2, 0, 1, 1, 0, 1, 4, 1, 0, 3, 1, 1, 1, 0, 2, 0, 0, 0, 0, 1, 3, 1, 0, 2, 0, 3, 0, 6, 1, 0, 0, 0, 3, 2, 2, 2, 0, 0, 1, 1, 1, 1, 0, 3, 0, 1, 1, 0, 0, 1, 0, 1, 0, 1, 1, 2, 3, 3, 0, 0, 1, 0, 1, 1, 0, 3, 0, 1, 1, 1, 1, 1, 2, 0, 1, 1, 2, 1, 2, 0, 0, 2, 1, 2, 3, 2, 1, 1, 1, 1, 0, 3, 1, 0, 2, 2, 3, 2, 3, 3, 1, 3, 2, 0, 0, 0, 1, 0, 3, 3, 10, 13, 22, 24, 47, 54, 54, 61, 73, 65, 70, 50, 45, 35, 41, 20, 24, 20, 26, 20, 20, 19, 17, 18, 9, 16, 10, 8, 6, 10, 6, 2, 4, 6, 6, 7, 10, 3, 3, 2, 5, 1, 5, 1, 1, 2, 3, 1, 2, 2, 2, 3, 2, 4, 1, 3, 3, 4, 2, 1, 4, 5, 5, 3, 3, 3, 0, 3, 4, 3, 4, 1, 5, 2, 6, 1, 2, 5, 4, 1, 5, 3, 4, 7, 3, 0, 4, 4, 1, 4, 3, 1, 0, 1, 1, 2, 2, 0, 2, 2, 4, 5, 3, 1, 1, 4, 1, 1, 3, 4, 4, 1, 0, 0, 2, 1, 1, 0, 1, 2, 3, 2, 2, 1, 3, 1, 1, 0, 0, 4, 9, 4, 15, 7, 6, 11, 7, 9, 10, 7, 5, 2, 5, 4, 1, 3, 3, 2, 1, 4, 0, 1, 1, 2, 4, 1, 2, 1, 2, 0, 1, 0, 3, 2, 1, 2, 2, 1, 1, 2, 3, 0, 0, 0, 0, 1, 3, 0, 0, 1, 2, 1, 1, 0, 3, 3, 1, 0, 1, 2, 0, 0, 0, 0, 1, 0, 0, 0, 0, 2, 1, 1, 2, 0, 0, 0, 1, 1, 0, 1, 0, 0, 0, 0, 0, 1, 3, 2, 2, 2, 1, 0, 1, 0, 0, 1, 2, 1, 0, 1, 0, 0, 2, 1, 1, 0, 1, 2, 0, 1, 1, 1, 0, 0, 0, 1, 1, 1, 2, 0, 1, 1, 0, 0, 4, 0, 0, 1, 1, 0, 1, 1, 0, 1, 0, 0, 0, 1, 0, 1, 0, 1, 2, 1, 1, 0, 2, 3, 2, 0, 0, 0, 0, 0, 2, 0, 1, 1, 1, 1, 3, 1, 1, 1, 1, 0, 2, 0, 0, 0, 0, 1, 0, 2, 2, 1, 0, 0, 0, 1, 0, 1, 2, 1, 1, 2, 0, 2, 0, 3, 0, 3, 1, 0, 2, 0, 0, 0, 2, 1, 0, 0, 0, 0, 0, 1, 3, 0, 0, 0, 0, 0, 0, 0, 3, 0, 1, 2, 0, 0, 0, 0, 1, 2, 1, 2, 2, 0, 0, 1, 1, 2, 1, 0, 2, 0, 0, 1, 0, 0, 0, 2, 0, 2, 1, 1, 0, 0, 0, 0, 1, 0, 2, 1, 1, 0, 2, 1, 0, 0, 2, 1, 0, 1, 0, 0, 0, 0, 0, 0, 0, 1, 0, 2, 1, 2, 1, 2, 1, 1, 0, 1, 2, 1, 0, 1, 1, 1, 1, 1, 0, 1, 1, 1, 0, 0, 0, 2, 0, 0, 1, 0, 1, 1, 0, 1, 1, 2, 1, 1, 1, 2, 1, 2, 1, 1, 0, 0, 0, 0, 0, 1, 1, 1, 1, 0, 0, 0, 0, 1, 0, 1, 0, 1, 0, 2, 2, 2, 0, 1, 1, 1, 0, 2, 0, 0, 2, 0, 0, 2, 2, 0, 1, 0, 1, 0, 0, 0, 1, 0, 1, 1, 0, 2, 0, 1, 3, 0, 0, 0, 0, 3, 0, 0, 0, 0, 0, 2, 1, 1, 1, 1, 0, 2, 1, 0, 0, 0, 0, 1, 0, 1, 1, 2, 0, 1, 1, 0, 0, 0, 1, 0, 0, 0, 1, 2, 1, 1, 0, 0, 1, 3, 2, 0, 0, 2, 1, 0, 0, 0, 0, 0, 4, 1, 0, 1, 0, 1, 0, 1, 0, 1, 1, 0, 1, 1, 1, 1, 1, 0, 1, 0, 0, 1, 1, 1, 0, 0, 0, 2, 0, 1, 1, 1, 0, 1, 3, 1, 0, 1, 3, 1, 0, 0, 1, 4, 2, 2, 3, 1, 2, 0, 1, 2, 2, 1, 2, 1, 0, 0, 1, 4, 0, 1, 0, 1, 1, 0, 1, 0, 0, 0, 0, 0, 0, 1, 1, 1, 0, 4, 0, 1, 1, 1, 0, 1, 0, 2, 2, 1, 0, 3, 2, 1, 2, 2, 1, 0, 1, 0, 1, 0, 0, 0, 1, 0, 4, 2, 0, 0, 1, 0, 1, 0, 1, 2, 1, 0, 2, 1, 0, 2, 0, 1, 1, 1, 0, 1, 0, 2, 2, 2, 0, 3, 2, 0, 0, 0, 1, 0, 1, 0, 1, 2, 2, 2, 1, 1, 2, 1, 0, 0, 0, 1, 1, 2, 0, 0, 1, 0, 0, 1, 0, 0, 0, 1, 1, 1, 1, 0, 0, 1, 0, 0, 2, 2, 1, 1, 1, 2, 1, 0, 1, 1, 0, 1, 0, 1, 1, 2, 0, 2, 1, 2, 1, 0, 1, 1, 1, 0, 0, 1, 0, 1, 1, 0, 1, 2, 0, 1, 2, 1, 0, 3, 1, 0, 2, 0, 0, 1, 1, 0, 1, 0, 1, 1, 1, 1, 2, 2, 0, 0, 2, 0, 1, 0, 0, 0, 0, 2, 0, 1, 0, 1, 0, 0, 3, 1, 1, 0, 1, 1, 1, 2], "pose": [[0.14127662777900696, 0.9771811366081238, -0.158612459897995, 0.0793062299489975], [0.9771811366081238, -0.11197976022958755, 0.18049247562885284, -0.09024623781442642], [0.158612459897995, -0.18049247562885284, -0.970703125, 0.4853515625], [0.0, 0.0, 0.0, 1.0]]}, {"hists": [3, 0, 1, 1, 2, 0, 2, 3, 4, 1, 1, 1, 1, 0, 1, 1, 0, 3, 0, 2, 1, 3, 2, 1, 0, 0, 0, 2, 3, 4, 1, 1, 1, 0, 1, 2, 1, 0, 4, 1, 1, 3, 1, 0, 1, 3, 1, 3, 0, 3, 3, 1, 1, 0, 1, 2, 1, 1, 1, 1, 4, 1, 0, 1, 0, 1, 0, 2, 0, 2, 1, 2, 0, 3, 1, 1, 1, 1, 2, 1, 3, 1, 0, 3, 3, 0, 1, 0, 1, 1, 1, 1, 2, 3, 2, 2, 1, 2, 1, 0, 0, 1, 2, 1, 0, 3, 1, 3, 3, 1, 2, 1, 1, 1, 1, 1, 1, 4, 2, 2, 1, 1, 0, 3, 2, 0, 0, 0, 0, 2, 1, 1, 2, 1, 0, 0, 2, 3, 0, 0, 3, 1, 1, 1, 2, 3, 0, 1, 2, 1, 1, 1, 2, 0, 2, 1, 1, 1, 0, 1, 2, 3, 1, 2, 1, 3, 1, 2, 2, 2, 0, 0, 2, 1, 1, 2, 4, 1, 0, 0, 1, 0, 1, 0, 2, 0, 3, 3, 2, 0, 1, 1, 4, 1, 0, 1, 0, 0, 2, 1, 2, 1, 0, 1, 0, 2, 0, 0, 1, 2, 2, 0, 2, 1, 1, 0, 1, 1, 0, 0, 1, 0, 4, 3, 15, 18, 36, 43, 59, 78, 77, 85, 84, 81, 46, 76, 60, 33, 42, 32, 25, 27, 35, 23, 24, 22, 22, 16, 10, 20, 9, 14, 17, 12, 7, 6, 9, 16, 9, 9, 6, 10, 13, 4, 3, 5, 7, 6, 9, 6, 8, 4, 1, 6, 8, 7, 7, 7, 5, 5, 9, 4, 10, 4, 6, 5, 4, 3, 6, 5, 4, 10, 4, 5, 7, 3, 6, 7, 4, 4, 4, 5, 7, 3, 2, 4, 1, 4, 5, 5, 1, 4, 3, 3, 2, 6, 4, 5, 1, 2, 5, 6, 2, 7, 2, 3, 2, 3, 4, 2, 3, 4, 2, 2, 0, 4, 2, 3, 3, 4, 1, 1, 3, 0, 2, 2, 0, 2, 2, 2, 4, 7, 2, 4, 3, 4, 7, 9, 5, 10, 10, 7, 6, 7, 6, 3, 6, 2, 3, 3, 4, 5, 1, 3, 3, 1, 1, 1, 1, 4, 1, 2, 2, 1, 1, 1, 0, 0, 1, 2, 1, 3, 1, 0, 0, 1, 0, 0, 5, 0, 1, 1, 0, 0, 1, 2, 0, 0, 1, 0, 2, 0, 1, 0, 0, 3, 0, 0, 0, 2, 2, 1, 0, 0, 0, 0, 1, 1, 2, 0, 2, 1, 0, 1, 0, 3, 0, 2, 0, 1, 0, 0, 0, 1, 0, 0, 2, 0, 1, 0, 1, 1, 0, 0, 0, 0, 0, 0, 1, 0, 1, 1, 1, 0, 2, 0, 0, 1, 2, 0, 0, 0, 2, 0, 1, 1, 0, 1, 1, 0, 0, 1, 1, 0, 1, 1, 0, 0, 0, 1, 0, 0, 4, 1, 0, 0, 1, 2, 0, 1, 0, 0, 0, 1, 0, 1, 2, 1, 1, 0, 1, 0, 0, 0, 0, 1, 1, 0, 1, 1, 2, 1, 0, 0, 0, 0, 0, 0, 1, 0, 1, 1, 1, 0, 0, 0, 0, 3, 0, 2, 0, 0, 2, 0, 0, 0, 1, 2, 1, 0, 1, 0, 1, 1, 1, 2, 3, 2, 0, 1, 0, 1, 1, 1, 0, 0, 0, 0, 0, 0, 2, 0, 1, 0, 0, 1, 1, 1, 4, 1, 1, 0, 2, 0, 3, 1, 1, 1, 2, 2, 0, 1, 0, 0, 1, 0, 0, 1, 1, 1, 0, 2, 0, 1, 0, 0, 0, 3, 1, 2, 1, 1, 1, 3, 0, 1, 1, 0, 1, 0, 0, 0, 1, 0, 0, 0, 2, 2, 1, 1, 2, 1, 0, 1, 0, 2, 1, 1, 1, 0, 0, 0, 0, 1, 0, 0, 1, 1, 2, 1, 1, 0, 0, 1, 0, 0, 1, 2, 0, 0, 1, 0, 0, 0, 0, 1, 1, 1, 1, 0, 1, 2, 0, 0, 1, 0, 1, 1, 4, 1, 0, 1, 0, 0, 0, 0, 0, 0, 0, 0, 0, 1, 1, 1, 0, 0, 0, 0, 1, 0, 0, 0, 1, 1, 0, 4, 1, 0, 1, 1, 2, 0, 0, 0, 0, 0, 1, 0, 2, 0, 1, 0, 0, 2, 0, 0, 0, 1, 1, 2, 1, 0, 1, 0, 0, 3, 1, 0, 2, 0, 0, 1, 1, 0, 0, 2, 1, 0, 1, 1, 1, 1, 1, 0, 1, 1, 0, 1, 1, 0, 2, 0, 0, 1, 1, 0, 1, 0, 0, 0, 0, 0, 0, 1, 0, 0, 0, 0, 1, 0, 0, 1, 0, 0, 1, 2, 1, 0, 0, 0, 0, 1, 1, 1, 1, 0, 2, 2, 0, 0, 0, 0, 1, 1, 0, 0, 1, 0, 0, 0, 0, 0, 1, 1, 2, 3, 1, 0, 0, 0, 0, 0, 1, 0, 1, 0, 1, 1, 0, 1, 0, 0, 0, 1, 2, 1, 1, 0, 0, 0, 1, 2, 1, 0, 0, 1, 0, 2, 0, 1, 0, 0, 0, 2, 0, 2, 0, 0, 0, 1, 1, 0, 2, 2, 1, 0, 1, 0, 1, 0, 2, 0, 0, 1, 0, 3, 0, 1, 0, 3, 0, 0, 0, 1, 1, 2, 1, 2, 2, 0, 1, 0, 1, 1, 1, 1, 1, 1, 0, 1, 0, 0, 2, 2, 0, 0, 1, 1, 1, 0, 0, 2, 1, 0, 0, 0, 0, 1, 1, 0, 0, 0, 1, 1, 0, 2, 2, 1, 1, 0, 1, 0, 0, 0, 1, 1, 0, 0, 0, 0, 0, 0, 0, 0, 0, 0, 0, 0, 0, 1, 0, 2, 1, 0, 0, 0, 2, 0, 0, 3, 1, 0, 1, 0, 1, 0, 0, 0, 0, 0, 0, 1, 0, 2, 1, 0, 0, 1, 0, 0, 0, 0, 0, 0, 0, 1, 0, 0, 1, 0, 1, 0, 3, 0, 0, 1, 0, 3, 0, 1, 0, 2, 0, 0, 0, 2, 0, 1, 1, 0, 0, 1, 0, 1, 0, 0, 0, 1, 0, 1, 1, 0, 0, 3], "pose": [[0.9991602301597595, -0.04063188657164574, -0.00528043182566762, 0.00264021591283381], [-0.04063188657164574, -0.9659571051597595, -0.2554915249347687, 0.12774576246738434], [0.00528043182566762, 0.2554915249347687, -0.966796875, 0.4833984375], [0.0, 0.0, 0.0, 1.0]]}, {"hists": [2, 1, 1, 1, 4, 0, 1, 2, 3, 0, 1, 1, 2, 0, 1, 2, 1, 1, 0, 0, 2, 0, 0, 3, 2, 3, 1, 1, 2, 2, 2, 2, 2, 1, 1, 1, 0, 1, 2, 1, 2, 2, 1, 0, 1, 2, 0, 2, 0, 0, 1, 3, 2, 1, 2, 2, 1, 1, 5, 3, 1, 1, 0, 0, 2, 1, 1, 0, 0, 1, 0, 1, 1, 2, 1, 1, 2, 1, 1, 2, 2, 0, 3, 3, 1, 3, 1, 0, 0, 0, 1, 1, 2, 1, 1, 1, 0, 2, 1, 0, 2, 0, 3, 0, 1, 1, 1, 1, 0, 2, 1, 1, 1, 2, 1, 2, 1, 0, 1, 0, 1, 3, 1, 0, 0, 1, 1, 2, 2, 0, 1, 1, 1, 0, 3, 2, 2, 1, 2, 1, 1, 1, 1, 4, 1, 2, 0, 0, 1, 3, 2, 2, 2, 1, 1, 1, 1, 4, 0, 0, 1, 2, 0, 3, 0, 3, 0, 0, 4, 2, 3, 0, 2, 0, 2, 3, 0, 2, 1, 3, 2, 1, 0, 2, 0, 0, 0, 1, 1, 1, 0, 0, 3, 1, 0, 2, 0, 1, 0, 0, 1, 2, 2, 1, 0, 2, 1, 1, 1, 1, 0, 1, 2, 1, 1, 1, 2, 2, 3, 5, 10, 12, 15, 26, 56, 61, 55, 64, 60, 58, 59, 35, 43, 33, 27, 37, 32, 25, 17, 18, 11, 10, 10, 15, 16, 8, 9, 8, 7, 8, 5, 6, 8, 5, 5, 4, 4, 4, 5, 6, 8, 7, 5, 12, 4, 3, 1, 1, 5, 2, 4, 3, 2, 3, 6, 3, 2, 3, 2, 3, 4, 1, 4, 2, 0, 3, 3, 0, 4, 6, 3, 6, 2, 2, 9, 4, 3, 4, 2, 5, 6, 3, 2, 4, 4, 8, 7, 6, 3, 3, 6, 11, 7, 7, 3, 4, 4, 6, 6, 4, 3, 0, 7, 3, 2, 9, 4, 3, 3, 3, 3, 4, 3, 4, 3, 1, 4, 4, 5, 2, 1, 3, 3, 2, 0, 6, 4, 6, 3, 2, 0, 3, 2, 5, 0, 4, 2, 4, 5, 1, 5, 6, 5, 0, 2, 6, 5, 8, 3, 7, 6, 6, 2, 3, 4, 3, 7, 2, 4, 2, 1, 0, 3, 1, 1, 1, 2, 2, 1, 0, 1, 0, 2, 3, 1, 0, 0, 0, 1, 1, 2, 0, 0, 0, 2, 2, 1, 1, 0, 0, 2, 0, 1, 1, 2, 0, 2, 1, 0, 0, 0, 3, 1, 0, 2, 2, 1, 2, 1, 0, 0, 1, 1, 2, 0, 1, 0, 4, 1, 0, 0, 0, 1, 1, 0, 1, 2, 1, 1, 1, 1, 0, 1, 1, 2, 1, 1, 0, 1, 0, 2, 1, 0, 0, 0, 0, 0, 1, 1, 0, 0, 1, 0, 1, 4, 0, 2, 0, 1, 2, 1, 0, 1, 2, 0, 0, 1, 0, 0, 0, 0, 2, 0, 1, 2, 1, 0, 0, 0, 1, 2, 0, 0, 1, 2, 1, 2, 2, 0, 1, 1, 0, 2, 1, 0, 3, 1, 2, 2, 0, 1, 3, 0, 1, 1, 2, 0, 3, 3, 1, 3, 1, 2, 0, 1, 0, 1, 0, 2, 0, 4, 0, 0, 1, 0, 1, 1, 0, 1, 0, 0, 1, 1, 1, 0, 0, 0, 0, 0, 0, 0, 0, 1, 1, 0, 1, 0, 1, 1, 1, 1, 2, 1, 2, 2, 0, 1, 2, 0, 1, 2, 2, 1, 0, 0, 0, 0, 1, 0, 1, 1, 0, 1, 3, 0, 1, 2, 0, 0, 1, 0, 1, 0, 1, 1, 0, 0, 0, 0, 0, 1, 2, 2, 1, 3, 1, 0, 0, 0, 0, 0, 0, 0, 1, 0, 1, 2, 3, 1, 1, 1, 0, 0, 1, 1, 0, 0, 0, 0, 0, 0, 1, 1, 2, 0, 0, 0, 1, 1, 2, 1, 0, 1, 1, 1, 1, 1, 2, 0, 2, 0, 0, 1, 1, 0, 1, 0, 0, 1, 2, 2, 0, 0, 0, 2, 3, 0, 2, 1, 3, 1, 0, 0, 2, 1, 1, 0, 1, 0, 1, 0, 1, 0, 0, 2, 0, 2, 0, 0, 0, 1, 0, 0, 1, 2, 0, 0, 0, 2, 0, 1, 0, 1, 1, 3, 1, 0, 1, 0, 1, 0, 2, 1, 3, 0, 1, 1, 0, 0, 0, 1, 3, 1, 1, 0, 1, 2, 0, 1, 0, 2, 2, 0, 3, 0, 0, 2, 1, 1, 1, 1, 0, 1, 2, 0, 0, 3, 1, 0, 1, 2, 2, 2, 0, 2, 0, 1, 0, 1, 1, 0, 1, 0, 0, 1, 0, 0, 2, 0, 0, 1, 0, 0, 1, 1, 1, 1, 0, 0, 3, 1, 0, 1, 1, 1, 1, 3, 2, 1, 0, 0, 1, 0, 0, 0, 0, 2, 0, 0, 1, 0, 1, 0, 1, 0, 0, 1, 2, 0, 1, 0, 0, 0, 0, 3, 4, 0, 0, 0, 0, 1, 1, 1, 1, 0, 0, 1, 2, 1, 0, 1, 0, 0, 1, 0, 1, 1, 0, 1, 1, 0, 2, 1, 0, 1, 2, 1, 0, 1, 1, 1, 1, 0, 0, 1, 1, 0, 1, 1, 0, 1, 1, 1, 2, 0, 1, 1, 0, 0, 1, 1, 0, 1, 0, 0, 1, 1, 1, 1, 0, 0, 1, 0, 0, 1, 1, 0, 0, 2, 0, 1, 0, 1, 0, 1, 0, 1, 0, 0, 2, 0, 2, 2, 0, 2, 1, 0, 2, 1, 0, 1, 1, 0, 0, 0, 1, 1, 1, 2, 1, 1, 2, 0, 1, 0, 0, 2, 0, 2, 2, 1, 2, 0, 1, 0, 1, 3, 1, 2, 1, 2, 0, 2, 1, 1, 0, 1, 0, 2, 2, 0, 0, 1, 0, 2, 0, 1, 0, 0, 3, 3, 0, 1, 1, 0, 1, 1, 2, 0, 0, 1, 0, 1, 0, 1, 0, 1, 0, 0, 1, 0, 0, 0, 0, 1, 0, 1, 1, 0, 1, 1, 0, 0, 1, 1, 0, 2, 1, 0, 2, 1, 0, 2, 0, 0, 0, 0, 1, 0, 0, 1, 3, 1, 2], "pose": [[0.06388907879590988, -0.9803977012634277, 0.18638265132904053, -0.09319132566452026], [-0.9803977012634277, -0.02677970565855503, 0.19520029425621033, -0.09760014712810516], [-0.18638265132904053, -0.19520029425621033, -0.962890625, 0.4814453125], [0.0, 0.0, 0.0, 1.0]]}, {"hists": [0, 2, 1, 2, 0, 0, 1, 2, 0, 1, 2, 2, 2, 2, 1, 1, 0, 0, 2, 2, 0, 3, 1, 1, 1, 1, 1, 2, 3, 1, 3, 0, 3, 2, 3, 2, 2, 2, 3, 3, 2, 1, 1, 0, 2, 0, 1, 3, 1, 2, 1, 3, 3, 2, 2, 0, 1, 4, 0, 2, 0, 1, 1, 1, 1, 2, 0, 3, 2, 3, 1, 4, 1, 0, 1, 2, 2, 0, 0, 1, 1, 3, 1, 3, 3, 0, 0, 0, 4, 2, 4, 0, 2, 1, 1, 2, 3, 2, 2, 1, 1, 1, 1, 2, 2, 2, 0, 1, 2, 0, 1, 2, 0, 1, 2, 0, 4, 0, 3, 0, 0, 3, 2, 2, 2, 1, 0, 2, 3, 1, 3, 0, 0, 1, 1, 3, 1, 1, 1, 0, 0, 2, 0, 1, 1, 1, 1, 0, 0, 5, 2, 1, 1, 1, 1, 2, 4, 2, 3, 3, 0, 2, 3, 0, 2, 4, 1, 2, 3, 4, 1, 1, 1, 1, 1, 1, 0, 0, 1, 1, 0, 3, 0, 3, 0, 0, 1, 2, 1, 1, 1, 3, 1, 1, 2, 1, 0, 2, 1, 0, 2, 3, 0, 1, 1, 1, 2, 0, 0, 2, 1, 1, 1, 1, 0, 1, 0, 3, 6, 5, 14, 19, 52, 65, 58, 61, 71, 78, 55, 58, 48, 38, 44, 33, 30, 16, 25, 21, 12, 13, 9, 10, 8, 8, 5, 6, 3, 6, 10, 3, 5, 2, 1, 1, 1, 1, 2, 5, 2, 2, 0, 2, 3, 2, 2, 3, 4, 1, 3, 1, 1, 1, 2, 1, 1, 1, 1, 1, 2, 1, 1, 0, 0, 2, 0, 0, 2, 1, 2, 0, 2, 1, 1, 1, 1, 0, 0, 1, 0, 1, 1, 1, 0, 1, 1, 3, 3, 1, 1, 1, 2, 1, 0, 1, 0, 0, 0, 2, 1, 1, 0, 1, 1, 0, 1, 0, 2, 2, 3, 2, 0, 1, 0, 0, 1, 3, 0, 1, 1, 0, 1, 0, 5, 5, 5, 6, 5, 6, 5, 3, 3, 2, 3, 5, 5, 4, 3, 0, 2, 1, 1, 1, 3, 3, 2, 2, 0, 2, 0, 1, 0, 0, 1, 0, 1, 0, 1, 1, 1, 0, 0, 0, 1, 0, 0, 1, 1, 2, 0, 2, 0, 3, 1, 2, 2, 0, 3, 0, 0, 2, 1, 2, 4, 0, 1, 2, 1, 0, 0, 0, 2, 1, 1, 0, 0, 1, 0, 1, 0, 1, 1, 2, 0, 0, 1, 1, 0, 0, 0, 1, 1, 2, 0, 1, 1, 2, 1, 1, 0, 0, 0, 1, 1, 1, 2, 1, 2, 3, 2, 0, 0, 0, 1, 0, 1, 0, 0, 2, 1, 0, 2, 0, 2, 2, 1, 1, 3, 0, 0, 1, 1, 0, 1, 0, 3, 2, 1, 1, 2, 1, 0, 3, 1, 1, 0, 1, 1, 0, 1, 0, 3, 2, 0, 1, 0, 1, 0, 0, 0, 0, 1, 2, 1, 1, 1, 3, 1, 0, 2, 0, 0, 1, 0, 0, 0, 0, 0, 3, 1, 1, 0, 1, 0, 0, 1, 0, 0, 1, 2, 0, 0, 1, 0, 1, 2, 1, 1, 1, 0, 0, 1, 1, 2, 0, 1, 0, 2, 2, 1, 0, 0, 1, 1, 1, 1, 1, 2, 0, 1, 1, 1, 0, 0, 1, 1, 3, 0, 1, 0, 1, 1, 1, 0, 2, 2, 2, 1, 2, 2, 1, 0, 1, 0, 2, 1, 0, 0, 1, 0, 0, 1, 0, 0, 0, 1, 0, 0, 3, 0, 2, 1, 0, 1, 1, 1, 1, 0, 2, 1, 2, 3, 2, 2, 1, 0, 1, 0, 0, 0, 0, 2, 1, 0, 0, 2, 0, 0, 0, 0, 2, 1, 0, 0, 0, 1, 0, 0, 1, 2, 1, 1, 0, 0, 0, 0, 2, 0, 0, 2, 0, 1, 1, 1, 1, 0, 1, 1, 0, 2, 1, 1, 0, 2, 0, 0, 1, 1, 1, 0, 0, 1, 0, 0, 0, 0, 1, 0, 2, 0, 0, 1, 1, 0, 1, 1, 0, 0, 0, 2, 1, 0, 0, 2, 2, 0, 0, 1, 0, 0, 1, 1, 2, 0, 1, 0, 0, 0, 0, 1, 0, 0, 1, 2, 2, 1, 2, 1, 0, 2, 0, 2, 2, 2, 0, 0, 3, 0, 1, 1, 0, 1, 2, 2, 1, 0, 2, 0, 0, 1, 0, 2, 1, 0, 0, 1, 2, 1, 2, 1, 0, 0, 1, 0, 1, 0, 0, 2, 0, 0, 0, 1, 0, 2, 1, 1, 2, 1, 1, 1, 2, 0, 2, 0, 0, 1, 1, 0, 1, 1, 2, 0, 0, 1, 0, 1, 0, 1, 2, 2, 0, 2, 1, 0, 1, 0, 1, 1, 1, 1, 0, 0, 0, 1, 1, 0, 1, 1, 0, 0, 1, 4, 0, 1, 0, 0, 0, 0, 1, 2, 1, 1, 1, 0, 1, 0, 1, 1, 0, 1, 0, 1, 0, 0, 1, 4, 0, 0, 0, 0, 0, 1, 2, 0, 0, 2, 2, 1, 1, 0, 1, 1, 0, 0, 1, 1, 2, 1, 2, 0, 2, 0, 0, 1, 1, 1, 0, 2, 0, 1, 0, 1, 1, 3, 2, 0, 0, 2, 0, 0, 0, 1, 0, 0, 2, 1, 1, 1, 1, 0, 1, 0, 1, 2, 1, 0, 2, 1, 2, 3, 0, 0, 1, 2, 2, 1, 0, 0, 1, 0, 0, 0, 1, 1, 1, 2, 2, 0, 1, 0, 2, 0, 0, 1, 1, 1, 1, 0, 1, 1, 0, 1, 2, 1, 0, 2, 1, 0, 0, 0, 1, 1, 0, 4, 1, 1, 0, 0, 0, 0, 1, 0, 1, 0, 0, 0, 0, 0, 2, 1, 0, 1, 1, 1, 0, 1, 0, 0, 0, 1, 1, 1, 2, 1, 4, 1, 0, 2, 1, 2, 1, 0, 0, 1, 0, 1, 1, 1, 2, 2, 0, 2, 0, 5, 2, 0, 3, 0, 0, 0, 1, 0, 0, 1, 1, 1, 1, 0, 2, 1, 0, 0, 1, 0, 0, 0, 1, 2, 0, 1, 0, 0, 0, 1, 2], "pose": [[-0.9502369165420532, -0.1306123435497284, -0.2828253507614136, 0.1414126753807068], [-0.1306123435497284, 0.9912525415420532, -0.01894153468310833, 0.009470767341554165], [0.2828253507614136, 0.01894153468310833, -0.958984375, 0.4794921875], [0.0, 0.0, 0.0, 1.0]]}, {"hists": [0, 2, 0, 1, 0, 0, 0, 1, 0, 1, 1, 0, 0, 2, 2, 1, 2, 1, 0, 2, 2, 0, 1, 3, 1, 3, 2, 0, 3, 1, 0, 3, 0, 0, 2, 0, 1, 1, 1, 1, 0, 1, 2, 2, 4, 0, 2, 0, 0, 0, 0, 1, 0, 0, 0, 5, 1, 0, 0, 2, 1, 1, 1, 1, 1, 5, 1, 1, 2, 3, 2, 1, 0, 2, 1, 1, 0, 0, 3, 2, 0, 0, 1, 1, 1, 2, 2, 3, 1, 2, 2, 0, 2, 2, 0, 3, 1, 3, 4, 2, 1, 2, 0, 4, 3, 2, 1, 1, 1, 4, 1, 1, 0, 0, 0, 0, 1, 1, 3, 0, 1, 1, 0, 1, 0, 3, 1, 0, 2, 1, 1, 2, 0, 2, 1, 1, 2, 1, 3, 2, 1, 1, 4, 0, 2, 1, 2, 0, 0, 3, 1, 2, 1, 3, 1, 0, 2, 1, 1, 0, 0, 2, 2, 0, 1, 2, 0, 0, 3, 0, 2, 2, 3, 1, 4, 0, 1, 2, 1, 1, 3, 0, 0, 0, 0, 1, 2, 0, 0, 3, 1, 0, 0, 1, 1, 0, 1, 1, 2, 1, 0, 1, 2, 1, 2, 0, 0, 2, 2, 2, 0, 4, 0, 0, 2, 0, 1, 3, 6, 5, 11, 22, 24, 35, 55, 76, 69, 77, 70, 64, 66, 56, 52, 56, 52, 34, 25, 23, 28, 12, 14, 14, 15, 13, 13, 6, 9, 4, 3, 8, 1, 7, 3, 5, 7, 4, 5, 1, 1, 1, 0, 6, 4, 3, 2, 4, 1, 6, 2, 4, 3, 2, 3, 3, 1, 1, 2, 3, 6, 5, 4, 0, 5, 2, 4, 6, 1, 6, 1, 6, 5, 2, 4, 6, 6, 4, 6, 3, 6, 4, 5, 4, 5, 3, 6, 6, 3, 3, 5, 7, 11, 9, 9, 3, 2, 3, 6, 7, 5, 2, 5, 4, 3, 4, 7, 5, 6, 6, 2, 8, 2, 6, 3, 6, 4, 3, 5, 1, 3, 3, 3, 5, 2, 2, 4, 1, 2, 2, 5, 3, 4, 4, 4, 2, 2, 2, 2, 1, 4, 4, 5, 3, 1, 3, 3, 3, 3, 3, 3, 5, 4, 5, 7, 4, 5, 3, 2, 1, 5, 4, 5, 2, 1, 4, 1, 3, 0, 2, 0, 0, 1, 0, 0, 1, 2, 1, 1, 2, 2, 1, 0, 0, 1, 1, 0, 1, 3, 1, 1, 2, 0, 0, 1, 2, 0, 1, 0, 0, 1, 3, 1, 0, 0, 1, 0, 1, 0, 0, 1, 0, 2, 1, 0, 2, 0, 0, 1, 1, 2, 0, 1, 1, 1, 1, 0, 1, 1, 0, 1, 0, 2, 3, 0, 0, 0, 0, 0, 0, 1, 1, 0, 1, 1, 0, 1, 0, 1, 0, 1, 0, 0, 2, 1, 0, 1, 0, 0, 0, 0, 0, 0, 0, 0, 0, 0, 2, 0, 2, 0, 1, 0, 1, 0, 0, 0, 0, 1, 1, 0, 2, 0, 2, 2, 1, 1, 0, 0, 0, 1, 1, 0, 1, 0, 1, 4, 0, 2, 1, 2, 2, 1, 0, 0, 1, 0, 0, 0, 1, 1, 0, 0, 2, 2, 0, 1, 1, 2, 0, 0, 3, 0, 1, 1, 1, 0, 2, 0, 0, 0, 0, 2, 0, 0, 2, 0, 0, 0, 2, 1, 0, 0, 0, 2, 1, 0, 1, 0, 0, 2, 0, 0, 0, 0, 0, 0, 2, 1, 0, 0, 1, 0, 1, 0, 0, 0, 0, 0, 1, 0, 0, 0, 0, 1, 2, 2, 0, 0, 0, 0, 1, 0, 0, 2, 0, 0, 1, 0, 0, 1, 0, 1, 1, 0, 0, 0, 0, 0, 1, 1, 2, 4, 2, 0, 0, 1, 0, 0, 0, 0, 1, 1, 1, 0, 2, 2, 0, 2, 1, 2, 0, 1, 1, 3, 0, 0, 1, 1, 2, 0, 1, 0, 1, 0, 0, 2, 0, 0, 0, 1, 0, 0, 0, 1, 1, 0, 0, 0, 0, 1, 2, 0, 0, 0, 0, 1, 1, 1, 0, 1, 1, 4, 0, 0, 2, 0, 1, 0, 1, 0, 3, 1, 0, 2, 1, 0, 1, 0, 2, 1, 2, 0, 1, 2, 0, 0, 1, 0, 0, 1, 0, 0, 0, 0, 0, 0, 1, 0, 2, 1, 0, 0, 2, 1, 0, 2, 0, 2, 0, 1, 1, 1, 0, 0, 2, 1, 1, 1, 0, 0, 1, 0, 1, 1, 0, 0, 0, 0, 1, 0, 0, 1, 1, 2, 1, 0, 0, 2, 1, 1, 0, 0, 0, 1, 1, 1, 0, 0, 0, 1, 2, 0, 2, 1, 0, 2, 1, 0, 1, 1, 1, 1, 0, 0, 3, 0, 2, 1, 0, 0, 1, 0, 0, 2, 1, 1, 2, 0, 0, 0, 1, 0, 2, 0, 0, 1, 1, 1, 1, 0, 0, 0, 0, 1, 1, 1, 0, 1, 0, 2, 2, 0, 0, 3, 2, 1, 2, 2, 1, 1, 2, 0, 0, 0, 0, 0, 0, 0, 1, 0, 0, 1, 0, 0, 1, 1, 1, 1, 1, 0, 2, 0, 0, 2, 1, 0, 2, 2, 1, 1, 1, 0, 1, 0, 1, 0, 0, 0, 0, 0, 2, 1, 0, 0, 1, 1, 0, 1, 2, 0, 0, 0, 0, 1, 0, 1