[{"hists": [0, 0, 1, 2, 1, 2, 2, 2, 3, 0, 1, 2, 1, 0, 0, 1, 2, 1, 2, 1, 0, 2, 0, 2, 0, 0, 3, 2, 1, 1, 1, 0, 1, 2, 2, 0, 0, 1, 1, 0, 0, 1, 3, 0, 0, 0, 0, 1, 3, 2, 0, 0, 0, 2, 0, 1, 0, 2, 1, 0, 1, 1, 1, 1, 5, 3, 0, 0, 0, 2, 3, 3, 1, 2, 1, 3, 4, 3, 1, 2, 0, 1, 1, 0, 1, 0, 1, 0, 2, 3, 1, 1, 0, 0, 1, 1, 1, 1, 2, 3, 2, 1, 2, 0, 1, 2, 1, 0, 1, 2, 1, 3, 0, 1, 0, 0, 2, 1, 0, 3, 1, 2, 2, 1, 1, 1, 2, 0, 1, 0, 1, 3, 3, 1, 2, 2, 1, 0, 1, 1, 1, 0, 1, 1, 1, 3, 0, 0, 2, 1, 0, 3, 2, 3, 0, 2, 0, 0, 1, 0, 3, 2, 3, 3, 1, 2, 1, 1, 0, 2, 2, 0, 3, 1, 2, 1, 1, 3, 0, 3, 1, 1, 1, 1, 1, 3, 1, 1, 2, 3, 2, 0, 2, 3, 0, 3, 2, 6, 23, 39, 78, 130, 165, 200, 239, 225, 259, 229, 210, 197, 187, 158, 163, 149, 129, 122, 86, 84, 90, 71, 50, 63, 50, 35, 32, 39, 22, 30, 28, 24, 18, 18, 14, 22, 12, 8, 9, 9, 5, 1, 5, 6, 5, 4, 3, 1, 1, 1, 2, 1, 0, 0, 3, 0, 1, 2, 0, 1, 1, 1, 3, 0, 1, 2, 0, 2, 2, 2, 1, 0, 1, 1, 3, 1, 1, 2, 0, 0, 0, 1, 2, 2, 0, 0, 2, 0, 0, 0, 0, 1, 0, 0, 1, 0, 0, 0, 0, 1, 0, 0, 0, 0, 1, 1, 0, 0, 0, 1, 0, 0, 0, 1, 0, 1, 0, 0, 0, 1, 0, 0, 0, 0, 1, 0, 0, 0, 0, 1, 0, 0, 0, 0, 0, 0, 0, 0, 0, 0, 0, 0, 0, 0, 0, 0, 0, 0, 0, 0, 1, 0, 0, 1, 0, 1, 0, 0, 2, 2, 3, 0, 0, 0, 0, 0, 0, 0, 0, 0, 0, 0, 1, 1, 1, 0, 0, 0, 0, 1, 0, 0, 1, 0, 0, 0, 0, 1, 0, 0, 0, 0, 0, 0, 0, 0, 0, 0, 0, 0, 0, 0, 0, 1, 0, 1, 0, 0, 0, 1, 0, 0, 0, 1, 0, 0, 0, 0, 0, 2, 0, 0, 0, 0, 0, 1, 1, 0, 0, 1, 0, 1, 1, 1, 0, 0, 0, 0, 2, 0, 0, 0, 0, 0, 2, 0, 0, 0, 0, 1, 0, 0, 0, 0, 0, 0, 0, 1, 0, 0, 1, 0, 1, 0, 1, 1, 0, 0, 0, 0, 1, 1, 0, 0, 0, 0, 0, 0, 0, 0, 0, 0, 0, 0, 0, 0, 0, 0, 0, 1, 0, 2, 0, 0, 0, 0, 1, 0, 0, 0, 0, 1, 0, 1, 0, 1, 0, 0, 0, 0, 0, 0, 1, 0, 0, 1, 1, 0, 0, 1, 0, 0, 0, 0, 1, 0, 0, 0, 0, 0, 0, 1, 0, 0, 0, 0, 0, 0, 0, 0, 0, 1, 1, 0, 0, 0, 0, 0, 0, 0, 1, 0, 0, 0, 0, 0, 0, 0, 1, 0, 0, 0, 0, 0, 0, 0, 0, 0, 0, 0, 0, 0, 1, 0, 0, 0, 0, 0, 0, 0, 0, 0, 0, 1, 0, 0, 0, 1, 1, 0, 0, 0, 0, 0, 0, 0, 0, 0, 0, 0, 0, 0, 0, 0, 0, 0, 0, 0, 0, 0, 0, 0, 1, 0, 0, 0, 0, 1, 0, 0, 0, 0, 1, 0, 0, 0, 0, 0, 0, 0, 1, 0, 0, 0, 0, 0, 0, 0, 0, 1, 0, 1, 0, 0, 0, 0, 0, 0, 0, 1, 0, 0, 0, 0, 0, 0, 0, 0, 1, 0, 0, 0, 0, 1, 1, 0, 0, 0, 0, 0, 0, 0, 0, 0, 0, 0, 0, 0, 0, 0, 0, 0, 0, 0, 2, 0, 0, 0, 0, 0, 0, 0, 0, 0, 0, 0, 0, 1, 0, 1, 0, 0, 1, 1, 0, 1, 1, 0, 0, 0, 1, 0, 0, 1, 0, 0, 0, 0, 0, 0, 0, 1, 0, 0, 0, 0, 0, 1, 0, 0, 0, 1, 0, 0, 0, 0, 1, 1, 1, 0, 0, 0, 0, 0, 0, 0, 0, 0, 0, 0, 0, 1, 1, 0, 0, 0, 0, 0, 1, 0, 0, 0, 0, 0, 0, 0, 0, 1, 1, 0, 1, 0, 0, 0, 1, 0, 0, 0, 1, 1, 0, 0, 0, 1, 0, 0, 0, 0, 0, 0, 0, 0, 1, 0, 0, 0, 1, 0, 1, 0, 0, 1, 0, 1, 1, 0, 0, 1, 1, 0, 0, 0, 0, 0, 0, 0, 1, 1, 0, 1, 0, 0, 0, 0, 0, 1, 0, 0, 0, 0, 0, 0, 1, 0, 0, 0, 0, 1, 0, 0, 0, 0, 0, 1, 0, 0, 0, 0, 0, 0, 0, 0, 0, 0, 0, 0, 0, 0, 0, 0, 0, 1, 1, 1, 0, 0, 0, 1, 0, 1, 0, 0, 0, 0, 1, 3, 0, 0, 0, 0, 1, 0, 1, 0, 0, 0, 0, 0, 0, 0, 0, 1, 0, 0, 1, 0, 0, 0, 1, 0, 0, 0, 1, 1, 0, 1, 0, 0, 0, 0, 0, 1, 1, 0, 0, 0, 0, 0, 1, 0, 0, 0, 0, 0, 0, 0, 0, 0, 0, 2, 1, 0, 0, 0, 0, 0, 0, 0, 0, 0, 0, 1, 0, 0, 0, 0, 0, 0, 0, 0, 0, 0, 1, 0, 0, 0, 0, 0, 1, 1, 0, 0, 0, 1, 0, 0, 0, 0, 0, 0, 1, 0, 1, 1, 0, 1, 0, 0, 0, 0, 0, 0, 0, 1, 0, 1, 0, 0, 1, 1, 1, 0, 0, 0, 0, 1, 1, 1, 0, 0, 2, 0, 0, 0, 0, 0, 0, 1, 0, 1, 0, 0, 0, 1, 0, 0, 0, 0, 0, 0, 0, 0, 0, 1, 0, 0], "pose": [[0.7376253604888916, -0.6748306155204773, -0.022637369111180305, 0.011318684555590153], [-0.6748306155204773, -0.7356722354888916, -0.058223575353622437, 0.029111787676811218], [0.022637369111180305, 0.058223575353622437, -0.998046875, 0.4990234375], [0.0, 0.0, 0.0, 1.0]]}, {"hists": [1, 1, 1, 1, 1, 1, 0, 0, 1, 2, 2, 0, 0, 1, 0, 0, 1, 1, 1, 1, 1, 1, 0, 3, 1, 2, 1, 1, 0, 2, 0, 3, 1, 3, 3, 2, 0, 3, 1, 0, 1, 1, 0, 3, 0, 0, 1, 0, 0, 0, 0, 0, 1, 3, 3, 1, 0, 1, 0, 1, 1, 1, 2, 0, 1, 0, 1, 0, 0, 2, 1, 4, 1, 1, 3, 0, 2, 0, 2, 1, 2, 1, 1, 1, 2, 0, 1, 1, 2, 2, 2, 0, 0, 0, 0, 4, 4, 1, 2, 2, 2, 0, 1, 0, 0, 2, 0, 3, 0, 0, 2, 0, 1, 1, 1, 3, 2, 1, 0, 2, 0, 1, 1, 1, 2, 2, 1, 0, 0, 0, 0, 5, 0, 2, 0, 1, 0, 1, 3, 1, 1, 2, 2, 2, 2, 2, 0, 0, 0, 0, 4, 1, 1, 0, 1, 0, 2, 3, 0, 1, 1, 3, 1, 3, 1, 2, 0, 0, 1, 1, 2, 4, 2, 0, 0, 0, 2, 1, 0, 0, 1, 3, 1, 0, 1, 0, 0, 1, 1, 0, 1, 0, 1, 1, 0, 4, 1, 6, 15, 49, 72, 123, 181, 252, 252, 270, 276, 263, 271, 217, 175, 163, 143, 120, 112, 95, 79, 71, 82, 62, 54, 43, 38, 36, 28, 23, 31, 29, 16, 18, 14, 13, 15, 12, 7, 11, 8, 8, 5, 4, 1, 8, 3, 1, 3, 3, 1, 4, 1, 1, 0, 3, 2, 1, 2, 0, 3, 3, 1, 0, 2, 2, 2, 0, 1, 1, 4, 3, 5, 6, 1, 2, 1, 1, 1, 2, 0, 0, 0, 0, 1, 0, 0, 2, 0, 1, 0, 0, 0, 0, 0, 1, 0, 0, 1, 0, 0, 0, 0, 0, 0, 0, 0, 0, 0, 0, 0, 0, 0, 0, 1, 0, 0, 0, 1, 0, 0, 0, 0, 0, 1, 0, 0, 0, 1, 0, 0, 0, 0, 0, 1, 1, 0, 1, 0, 0, 0, 0, 1, 0, 0, 0, 0, 0, 0, 0, 1, 0, 2, 2, 1, 0, 0, 0, 1, 0, 0, 1, 0, 1, 0, 2, 0, 0, 0, 1, 0, 0, 0, 1, 0, 0, 0, 0, 0, 0, 1, 0, 0, 1, 0, 0, 0, 0, 1, 1, 0, 1, 0, 0, 0, 0, 0, 0, 0, 0, 0, 0, 1, 0, 1, 0, 1, 0, 2, 0, 0, 1, 0, 1, 0, 0, 0, 1, 0, 0, 0, 0, 0, 1, 1, 1, 0, 0, 0, 0, 0, 0, 0, 0, 0, 1, 0, 0, 1, 0, 0, 0, 0, 0, 0, 0, 0, 1, 0, 1, 0, 0, 0, 0, 1, 0, 0, 0, 0, 0, 0, 1, 0, 0, 0, 0, 1, 0, 0, 1, 0, 1, 0, 0, 0, 0, 0, 2, 0, 0, 0, 0, 0, 0, 0, 0, 0, 1, 0, 1, 1, 1, 0, 0, 0, 0, 0, 0, 0, 0, 0, 0, 0, 0, 0, 0, 0, 0, 1, 0, 0, 0, 0, 0, 0, 0, 0, 0, 0, 0, 0, 0, 0, 0, 0, 0, 0, 0, 0, 0, 1, 0, 0, 0, 0, 0, 1, 0, 0, 0, 0, 0, 1, 0, 0, 0, 0, 0, 0, 0, 0, 0, 1, 0, 0, 0, 0, 0, 0, 0, 0, 0, 0, 0, 0, 1, 0, 1, 0, 0, 1, 0, 0, 0, 0, 0, 0, 1, 1, 0, 0, 1, 0, 0, 0, 0, 0, 1, 0, 0, 0, 0, 1, 0, 0, 0, 0, 0, 0, 0, 0, 0, 0, 1, 0, 0, 0, 0, 0, 0, 0, 0, 0, 1, 0, 0, 0, 1, 0, 0, 1, 0, 0, 0, 0, 0, 0, 0, 0, 0, 0, 0, 0, 0, 0, 0, 0, 0, 0, 0, 0, 1, 1, 0, 1, 0, 0, 0, 0, 1, 0, 0, 0, 1, 0, 1, 0, 0, 0, 0, 0, 0, 0, 1, 0, 0, 0, 0, 0, 0, 0, 0, 0, 1, 2, 0, 0, 1, 0, 0, 0, 0, 0, 0, 0, 1, 0, 0, 0, 0, 0, 0, 0, 0, 1, 0, 0, 0, 0, 0, 1, 0, 1, 0, 0, 0, 0, 0, 0, 0, 0, 0, 0, 0, 0, 1, 1, 0, 0, 0, 1, 1, 0, 0, 0, 0, 0, 0, 1, 0, 0, 0, 0, 0, 0, 1, 0, 0, 0, 0, 0, 0, 1, 1, 0, 1, 0, 0, 1, 0, 1, 0, 0, 0, 0, 0, 0, 0, 0, 1, 0, 0, 0, 0, 0, 0, 0, 0, 1, 0, 1, 0, 0, 0, 0, 0, 1, 2, 0, 0, 2, 0, 0, 0, 0, 1, 0, 0, 0, 0, 0, 0, 0, 1, 0, 1, 0, 0, 0, 0, 0, 0, 0, 0, 0, 0, 0, 0, 0, 0, 0, 0, 0, 0, 0, 0, 0, 0, 0, 1, 1, 1, 0, 0, 0, 0, 0, 0, 0, 0, 0, 0, 0, 0, 0, 0, 1, 0, 1, 0, 0, 0, 1, 0, 0, 0, 0, 0, 0, 0, 0, 0, 0, 1, 0, 0, 0, 2, 0, 0, 0, 0, 0, 0, 1, 0, 0, 0, 0, 0, 0, 1, 0, 0, 0, 0, 0, 0, 0, 0, 1, 0, 0, 0, 0, 0, 0, 0, 1, 0, 0, 0, 0, 1, 1, 1, 1, 0, 0, 0, 0, 0, 1, 0, 0, 0, 1, 1, 0, 0, 1, 0, 0, 0, 0, 0, 0, 0, 0, 0, 0, 0, 0, 0, 0, 1, 0, 1, 1, 1, 0, 0, 0, 0, 0, 2, 0, 0, 0, 0, 0, 0, 0, 0, 0, 2, 0, 0, 0, 1, 0, 0, 0, 2, 0, 0, 1, 0, 0, 0, 0, 0, 0, 0, 0, 0, 1, 1, 0, 0, 0, 0, 0, 0, 0, 1, 0, 0, 0, 2, 1, 0, 0, 1, 1, 0, 0, 0, 1, 0, 0, 0, 0, 0, 0, 1, 0, 0, 0, 0, 0, 0, 0, 0, 0, 0, 0, 0, 0, 0, 0, 0, 0, 0, 0, 0, 0, 0, 1, 0, 0, 0, 0, 0, 0, 0, 0, 0], "pose": [[-0.6037266254425049, -0.7912757396697998, 0.09693727642297745, -0.048468638211488724], [-0.7912757396697998, 0.6095860004425049, 0.04782867431640625, -0.023914337158203125], [-0.09693727642297745, -0.04782867431640625, -0.994140625, 0.4970703125], [0.0, 0.0, 0.0, 1.0]]}, {"hists": [1, 1, 0, 2, 1, 1, 0, 2, 0, 0, 0, 2, 3, 2, 3, 0, 2, 1, 1, 2, 3, 0, 0, 2, 1, 2, 2, 0, 0, 0, 2, 3, 1, 2, 0, 0, 0, 0, 0, 2, 3, 0, 3, 2, 2, 3, 0, 0, 0, 3, 4, 2, 1, 3, 1, 2, 0, 2, 1, 1, 3, 0, 2, 1, 2, 0, 1, 1, 0, 5, 3, 2, 1, 0, 0, 0, 2, 0, 1, 0, 1, 0, 0, 3, 2, 0, 2, 1, 2, 0, 2, 3, 1, 1, 1, 1, 2, 1, 2, 3, 5, 2, 1, 0, 0, 2, 3, 2, 1, 1, 2, 0, 2, 0, 2, 1, 1, 0, 2, 3, 0, 1, 2, 2, 2, 0, 2, 0, 2, 0, 0, 1, 0, 1, 0, 2, 0, 0, 3, 1, 1, 3, 4, 0, 1, 4, 1, 1, 1, 1, 1, 1, 0, 1, 1, 1, 1, 1, 0, 1, 3, 2, 1, 2, 1, 2, 1, 0, 2, 2, 1, 1, 2, 1, 1, 0, 2, 3, 0, 2, 2, 0, 1, 2, 3, 2, 4, 1, 2, 4, 1, 3, 0, 1, 0, 4, 5, 6, 17, 34, 59, 107, 154, 190, 232, 259, 263, 267, 218, 189, 189, 143, 156, 138, 121, 112, 93, 86, 66, 56, 64, 44, 44, 37, 35, 26, 19, 31, 23, 25, 17, 16, 17, 14, 10, 7, 8, 9, 8, 4, 8, 6, 5, 3, 1, 5, 6, 2, 2, 4, 0, 1, 1, 4, 9, 2, 2, 3, 6, 7, 6, 3, 4, 0, 5, 4, 4, 1, 1, 3, 1, 0, 3, 1, 0, 2, 0, 0, 0, 1, 1, 0, 0, 0, 0, 0, 0, 0, 0, 1, 0, 0, 0, 0, 0, 2, 0, 0, 0, 0, 1, 0, 0, 0, 0, 0, 0, 0, 0, 0, 0, 1, 0, 1, 0, 0, 0, 1, 0, 1, 0, 0, 0, 0, 0, 0, 0, 0, 0, 0, 0, 0, 1, 1, 0, 1, 0, 0, 0, 0, 1, 1, 1, 0, 1, 1, 0, 0, 6, 0, 2, 0, 0, 2, 0, 0, 0, 0, 1, 0, 1, 0, 1, 0, 0, 1, 1, 2, 1, 1, 0, 1, 0, 1, 0, 1, 0, 1, 0, 0, 2, 1, 0, 0, 0, 0, 0, 0, 1, 0, 0, 0, 0, 0, 0, 1, 0, 2, 1, 0, 0, 0, 0, 0, 1, 1, 0, 1, 0, 0, 0, 0, 1, 0, 0, 0, 0, 1, 0, 0, 1, 0, 0, 1, 0, 0, 0, 1, 0, 0, 0, 0, 0, 0, 0, 0, 0, 0, 0, 0, 0, 0, 0, 0, 0, 1, 0, 0, 0, 0, 0, 0, 0, 1, 1, 0, 0, 0, 1, 0, 0, 0, 0, 0, 1, 1, 0, 0, 0, 0, 0, 0, 1, 1, 0, 0, 0, 0, 0, 0, 0, 0, 0, 0, 1, 0, 0, 0, 1, 0, 1, 0, 0, 1, 1, 0, 0, 0, 0, 0, 0, 0, 0, 0, 1, 0, 0, 0, 1, 2, 1, 1, 0, 1, 0, 1, 1, 0, 0, 1, 1, 0, 1, 0, 0, 0, 1, 0, 0, 0, 0, 0, 0, 0, 0, 0, 0, 0, 0, 0, 0, 0, 1, 0, 0, 0, 0, 2, 0, 1, 0, 1, 0, 0, 1, 0, 0, 0, 0, 1, 2, 0, 0, 0, 0, 0, 0, 1, 0, 0, 0, 0, 0, 0, 0, 0, 0, 1, 0, 0, 2, 0, 1, 0, 0, 0, 1, 0, 0, 0, 0, 0, 0, 2, 0, 0, 0, 1, 0, 0, 0, 0, 0, 0, 0, 0, 0, 0, 0, 0, 0, 0, 0, 2, 0, 0, 0, 0, 1, 0, 0, 1, 0, 0, 0, 0, 0, 0, 2, 0, 0, 0, 0, 0, 0, 1, 0, 1, 2, 0, 0, 0, 0, 0, 0, 1, 0, 0, 0, 1, 0, 1, 0, 0, 0, 0, 0, 0, 0, 0, 0, 2, 0, 0, 0, 1, 1, 0, 0, 0, 1, 1, 0, 0, 0, 2, 0, 0, 0, 0, 0, 1, 0, 0, 0, 0, 0, 1, 1, 0, 0, 1, 0, 0, 2, 0, 0, 1, 0, 0, 0, 0, 0, 0, 0, 0, 0, 1, 0, 0, 0, 1, 0, 0, 0, 0, 0, 0, 1, 0, 1, 0, 0, 0, 0, 0, 0, 1, 1, 0, 0, 0, 1, 0, 0, 0, 0, 0, 1, 1, 0, 2, 0, 0, 0, 0, 0, 0, 1, 2, 1, 0, 0, 2, 0, 0, 1, 0, 0, 0, 1, 0, 1, 1, 0, 0, 0, 0, 1, 0, 1, 0, 1, 0, 1, 0, 0, 0, 0, 0, 0, 0, 0, 0, 0, 0, 0, 0, 0, 0, 0, 0, 1, 0, 0, 1, 0, 0, 1, 0, 0, 0, 0, 0, 1, 0, 1, 0, 0, 1, 0, 0, 0, 0, 0, 0, 0, 0, 0, 0, 0, 0, 0, 0, 0, 0, 0, 1, 0, 0, 0, 0, 0, 0, 1, 0, 0, 0, 0, 0, 0, 0, 1, 0, 0, 0, 0, 0, 0, 0, 1, 0, 0, 0, 1, 0, 0, 0, 0, 1, 0, 0, 2, 1, 0, 1, 0, 0, 0, 0, 0, 0, 0, 0, 0, 0, 0, 0, 0, 0, 0, 0, 0, 0, 0, 0, 0, 0, 0, 0, 1, 0, 0, 1, 0, 0, 0, 1, 0, 1, 0, 1, 0, 0, 0, 0, 1, 0, 0, 0, 1, 0, 0, 0, 0, 0, 0, 0, 0, 1, 0, 0, 0, 0, 0, 0, 0, 0, 0, 0, 0, 0, 0, 0, 0, 0, 0, 0, 0, 0, 0, 0, 0, 0, 0, 0, 1, 0, 0, 0, 0, 0, 0, 0, 0, 0, 0, 0, 0, 0, 0, 0, 0, 0, 0, 1, 0, 0, 0, 0, 1, 0, 0, 0, 0, 0, 0, 1, 0, 0, 1, 1, 0, 0, 0, 0, 0, 0, 0, 0, 0, 0, 1, 0, 0, 0, 2, 0, 0, 0, 0, 0, 0, 0, 0, 0, 0, 0, 0, 0, 0, 0, 0, 0, 0, 0, 0, 0, 0, 0, 1, 0, 0, 1], "pose": [[-0.8347525596618652, 0.5341073274612427, -0.13385628163814545, 0.06692814081907272], [0.5341073274612427, 0.8445181846618652, 0.038966353982686996, -0.019483176991343498], [0.13385628163814545, -0.038966353982686996, -0.990234375, 0.4951171875], [0.0, 0.0, 0.0, 1.0]]}, {"hists": [0, 2, 0, 2, 0, 2, 1, 3, 2, 1, 1, 0, 1, 3, 2, 3, 0, 1, 2, 0, 2, 1, 2, 3, 0, 1, 3, 2, 1, 1, 3, 2, 0, 3, 0, 1, 1, 0, 1, 3, 0, 1, 0, 0, 1, 1, 1, 0, 0, 1, 3, 1, 3, 1, 0, 1, 2, 2, 0, 0, 2, 2, 0, 2, 2, 0, 1, 2, 1, 3, 1, 1, 0, 1, 0, 0, 2, 0, 1, 3, 2, 2, 1, 0, 2, 1, 0, 1, 2, 2, 3, 0, 1, 1, 4, 1, 1, 2, 3, 0, 1, 2, 2, 2, 0, 0, 1, 2, 0, 1, 1, 1, 1, 1, 2, 0, 1, 1, 0, 1, 2, 1, 0, 1, 3, 0, 1, 3, 1, 0, 1, 1, 2, 3, 1, 1, 1, 1, 1, 2, 3, 4, 5, 1, 3, 1, 2, 1, 1, 1, 0, 1, 0, 0, 3, 2, 0, 2, 0, 1, 1, 0, 2, 1, 1, 0, 1, 0, 0, 1, 0, 0, 0, 2, 1, 1, 1, 0, 0, 0, 5, 1, 2, 1, 0, 0, 0, 0, 2, 2, 2, 0, 3, 0, 2, 4, 0, 0, 1, 5, 6, 18, 29, 47, 80, 122, 166, 188, 217, 242, 241, 205, 182, 190, 135, 149, 155, 130, 132, 120, 96, 80, 65, 71, 53, 58, 60, 41, 31, 23, 27, 23, 15, 12, 16, 19, 10, 9, 8, 8, 4, 8, 8, 3, 6, 5, 6, 2, 0, 1, 2, 2, 1, 1, 0, 0, 1, 2, 1, 3, 0, 0, 2, 1, 1, 1, 0, 0, 0, 0, 0, 0, 0, 0, 0, 1, 1, 1, 0, 0, 0, 0, 0, 0, 1, 0, 1, 0, 0, 0, 1, 1, 1, 0, 1, 0, 0, 0, 0, 0, 0, 0, 0, 0, 0, 1, 0, 1, 1, 1, 1, 0, 0, 0, 2, 0, 2, 2, 3, 0, 1, 1, 3, 1, 2, 3, 0, 1, 1, 1, 1, 1, 0, 0, 0, 3, 1, 0, 3, 2, 1, 2, 2, 1, 3, 2, 3, 4, 6, 3, 1, 3, 5, 4, 5, 3, 4, 0, 0, 3, 1, 2, 0, 2, 1, 1, 0, 2, 0, 0, 1, 0, 0, 0, 0, 0, 1, 0, 0, 1, 1, 0, 2, 0, 0, 0, 0, 0, 0, 0, 1, 0, 1, 0, 1, 1, 1, 0, 1, 0, 0, 0, 0, 0, 0, 0, 0, 1, 0, 0, 0, 0, 0, 0, 1, 0, 0, 1, 0, 0, 1, 0, 0, 0, 1, 0, 0, 0, 0, 0, 0, 0, 0, 0, 1, 0, 0, 0, 0, 0, 0, 0, 0, 0, 0, 0, 0, 1, 0, 2, 0, 0, 1, 1, 0, 1, 0, 0, 1, 0, 0, 1, 0, 1, 1, 0, 0, 0, 0, 1, 0, 0, 1, 0, 1, 0, 1, 0, 0, 0, 0, 0, 0, 0, 2, 0, 0, 0, 1, 1, 2, 0, 0, 0, 0, 0, 0, 1, 2, 0, 0, 1, 0, 1, 1, 1, 1, 1, 0, 0, 0, 0, 0, 0, 0, 0, 0, 0, 0, 1, 0, 1, 0, 0, 0, 0, 0, 0, 0, 1, 1, 0, 0, 0, 0, 0, 0, 0, 0, 0, 0, 1, 0, 0, 1, 1, 0, 0, 0, 0, 0, 0, 1, 0, 0, 0, 0, 0, 0, 0, 0, 0, 2, 0, 1, 0, 0, 1, 1, 0, 0, 0, 0, 0, 1, 0, 0, 1, 0, 0, 0, 1, 1, 0, 0, 1, 1, 0, 0, 0, 1, 0, 0, 0, 0, 0, 0, 1, 0, 0, 0, 0, 0, 0, 0, 0, 0, 0, 0, 1, 0, 0, 2, 0, 0, 0, 0, 0, 0, 0, 0, 0, 1, 0, 0, 0, 0, 1, 0, 0, 1, 0, 0, 0, 0, 0, 0, 0, 0, 0, 0, 0, 0, 1, 0, 0, 0, 0, 0, 0, 0, 0, 0, 1, 0, 1, 0, 0, 0, 0, 0, 1, 0, 0, 1, 0, 0, 0, 0, 0, 1, 0, 0, 0, 0, 0, 0, 0, 0, 1, 0, 0, 0, 0, 1, 0, 0, 0, 0, 1, 0, 1, 0, 0, 0, 1, 0, 0, 0, 1, 0, 0, 1, 0, 0, 0, 0, 0, 1, 0, 0, 0, 1, 0, 0, 0, 1, 1, 0, 0, 2, 0, 1, 0, 0, 1, 0, 0, 1, 1, 0, 1, 0, 0, 0, 0, 0, 0, 0, 0, 0, 0, 0, 0, 0, 0, 0, 0, 1, 0, 1, 0, 0, 0, 0, 0, 1, 1, 0, 0, 1, 0, 0, 1, 0, 0, 0, 0, 0, 0, 0, 0, 1, 1, 0, 0, 0, 0, 0, 0, 0, 0, 1, 0, 0, 0, 0, 0, 0, 0, 0, 0, 1, 0, 0, 0, 0, 0, 1, 2, 0, 1, 0, 0, 0, 0, 0, 2, 0, 0, 0, 0, 0, 0, 1, 0, 1, 0, 0, 1, 0, 2, 0, 0, 0, 0, 0, 0, 0, 0, 1, 0, 0, 0, 0, 0, 0, 1, 0, 0, 0, 0, 0, 1, 0, 0, 0, 0, 1, 0, 0, 0, 0, 0, 0, 1, 0, 0, 0, 0, 0, 0, 0, 0, 0, 1, 0, 0, 0, 1, 0, 0, 0, 0, 0, 1, 0, 1, 1, 0, 0, 0, 0, 0, 0, 1, 0, 0, 0, 1, 0, 0, 0, 0, 0, 0, 0, 1, 0, 1, 0, 0, 0, 0, 0, 0, 0, 0, 0, 0, 1, 0, 0, 0, 0, 0, 0, 0, 0, 0, 0, 0, 0, 2, 0, 1, 0, 0, 0, 0, 0, 1, 0, 0, 0, 0, 0, 0, 0, 0, 1, 0, 1, 0, 0, 0, 0, 0, 0, 0, 0, 0, 0, 0, 1, 0, 1, 0, 0, 0, 0, 0, 0, 0, 0, 0, 0, 0, 0, 0, 0, 0, 0, 0, 0, 0, 2, 0, 0, 0, 0, 0, 0, 0, 0, 1, 0, 0, 0, 1, 0, 1, 0, 0, 0, 1, 1, 0, 1, 0, 0, 0, 0, 1, 0, 0, 0, 0, 0, 0, 1, 1, 0, 0, 0, 0, 0, 0, 0, 0, 0, 0, 0, 0], "pose": [[0.46459224820137024, 0.8813818693161011, 0.08555716276168823, -0.042778581380844116], [0.8813818693161011, -0.45092037320137024, -0.14084318280220032, 0.07042159140110016], [-0.08555716276168823, 0.14084318280220032, -0.986328125, 0.4931640625], [0.0, 0.0, 0.0, 1.0]]}, {"hists": [3, 0, 0, 1, 0, 0, 0, 0, 0, 0, 0, 1, 4, 4, 1, 3, 2, 1, 0, 0, 1, 1, 2, 0, 1, 3, 0, 3, 1, 1, 0, 1, 2, 0, 4, 2, 2, 3, 2, 2, 2, 0, 1, 2, 1, 1, 0, 0, 3, 0, 4, 1, 1, 3, 2, 2, 1, 2, 1, 2, 0, 2, 1, 3, 2, 1, 2, 2, 0, 1, 0, 0, 3, 0, 0, 0, 0, 0, 0, 0, 0, 2, 0, 1, 0, 1, 2, 0, 1, 0, 1, 0, 0, 2, 0, 1, 1, 1, 0, 2, 2, 3, 2, 1, 1, 0, 1, 2, 1, 1, 0, 1, 1, 0, 1, 0, 2, 1, 1, 1, 2, 2, 3, 1, 1, 3, 3, 2, 2, 3, 3, 0, 1, 1, 0, 1, 2, 1, 1, 2, 2, 2, 2, 1, 3, 0, 0, 2, 0, 1, 2, 0, 0, 1, 0, 0, 1, 0, 1, 2, 0, 2, 3, 3, 0, 1, 0, 1, 1, 0, 1, 2, 0, 2, 0, 2, 2, 4, 1, 1, 2, 1, 1, 1, 1, 1, 1, 1, 2, 2, 0, 1, 2, 2, 0, 2, 3, 0, 3, 11, 23, 45, 92, 131, 176, 189, 272, 235, 272, 230, 239, 179, 192, 156, 146, 139, 109, 109, 94, 89, 64, 59, 41, 45, 32, 37, 20, 26, 27, 19, 13, 14, 15, 15, 13, 8, 10, 7, 10, 3, 3, 6, 7, 1, 3, 2, 2, 2, 6, 3, 7, 6, 4, 6, 7, 4, 3, 5, 5, 4, 4, 5, 1, 3, 1, 3, 2, 2, 1, 1, 0, 1, 1, 1, 2, 1, 2, 1, 0, 1, 1, 0, 0, 0, 0, 0, 0, 0, 1, 0, 0, 1, 0, 0, 0, 0, 1, 2, 1, 0, 0, 0, 0, 0, 2, 0, 1, 0, 0, 0, 0, 0, 2, 1, 0, 1, 0, 0, 0, 2, 0, 0, 0, 0, 0, 0, 2, 0, 0, 0, 0, 0, 0, 0, 1, 1, 1, 0, 0, 0, 1, 1, 0, 0, 2, 0, 0, 1, 4, 2, 3, 1, 2, 0, 1, 1, 2, 1, 2, 0, 0, 0, 0, 1, 0, 0, 0, 0, 0, 0, 1, 0, 1, 0, 0, 0, 1, 1, 0, 1, 2, 0, 0, 0, 2, 0, 0, 0, 0, 0, 0, 0, 0, 0, 0, 0, 0, 0, 2, 1, 0, 1, 1, 0, 0, 1, 0, 0, 1, 0, 0, 0, 0, 0, 0, 0, 0, 0, 0, 0, 1, 0, 0, 0, 0, 1, 1, 0, 0, 1, 0, 0, 0, 0, 0, 0, 0, 1, 0, 0, 0, 1, 0, 0, 0, 1, 0, 1, 0, 0, 1, 0, 1, 0, 0, 0, 0, 0, 0, 1, 0, 1, 0, 0, 0, 2, 1, 0, 0, 0, 1, 1, 0, 0, 0, 0, 0, 0, 0, 0, 1, 0, 0, 0, 0, 0, 1, 1, 0, 0, 2, 0, 1, 3, 0, 1, 2, 1, 0, 1, 0, 0, 0, 0, 0, 1, 0, 0, 0, 0, 0, 0, 0, 0, 1, 0, 0, 1, 0, 0, 0, 0, 1, 0, 0, 0, 0, 0, 0, 0, 1, 1, 0, 0, 0, 1, 0, 1, 0, 0, 0, 1, 0, 1, 0, 0, 0, 1, 0, 0, 0, 0, 0, 0, 0, 0, 0, 1, 0, 0, 0, 0, 0, 1, 0, 0, 0, 0, 0, 0, 0, 0, 0, 0, 0, 0, 0, 0, 0, 0, 0, 0, 0, 0, 0, 1, 0, 0, 0, 0, 0, 1, 0, 0, 0, 0, 1, 2, 0, 0, 0, 1, 0, 1, 1, 0, 0, 0, 0, 0, 0, 0, 0, 1, 1, 0, 0, 0, 1, 1, 0, 0, 0, 0, 1, 0, 1, 1, 0, 0, 0, 0, 0, 0, 0, 0, 0, 0, 0, 1, 1, 0, 0, 0, 0, 0, 1, 1, 0, 0, 0, 0, 0, 0, 1, 0, 1, 1, 0, 0, 1, 0, 0, 0, 0, 0, 0, 0, 0, 1, 0, 0, 0, 0, 0, 0, 0, 0, 1, 0, 0, 0, 0, 0, 0, 1, 0, 1, 0, 0, 0, 0, 0, 0, 2, 1, 0, 0, 0, 0, 0, 0, 0, 1, 2, 1, 0, 0, 0, 0, 0, 0, 1, 1, 0, 1, 0, 0, 0, 1, 0, 0, 0, 0, 0, 0, 0, 0, 1, 1, 0, 0, 0, 0, 0, 0, 0, 0, 0, 0, 0, 3, 0, 0, 1, 0, 0, 0, 0, 0, 0, 0, 0, 0, 0, 0, 0, 1, 0, 0, 0, 1, 0, 0, 1, 0, 0, 0, 0, 0, 0, 0, 1, 0, 0, 0, 0, 0, 0, 1, 0, 0, 0, 0, 0, 0, 0, 0, 0, 0, 0, 0, 0, 0, 0, 0, 0, 1, 0, 0, 1, 0, 1, 0, 0, 0, 1, 0, 0, 0, 0, 1, 0, 0, 0, 0, 0, 0, 0, 0, 0, 1, 1, 0, 0, 0, 1, 0, 0, 0, 0, 1, 0, 1, 1, 0, 0, 0, 0, 0, 0, 1, 0, 0, 1, 0, 0, 0, 1, 0, 0, 0, 0, 0, 0, 0, 0, 0, 0, 0, 0, 1, 0, 0, 1, 0, 0, 0, 0, 0, 0, 0, 3, 0, 0, 0, 1, 0, 0, 0, 0, 0, 0, 0, 0, 0, 0, 0, 1, 0, 0, 0, 0, 0, 0, 0, 0, 1, 1, 1, 0, 0, 0, 0, 0, 0, 0, 0, 0, 0, 0, 1, 1, 2, 0, 1, 0, 0, 0, 1, 0, 0, 0, 0, 1, 0, 1, 0, 0, 0, 0, 0, 0, 0, 0, 1, 0, 1, 1, 1, 0, 0, 0, 0, 0, 0, 0, 0, 0, 0, 0, 0, 1, 0, 1, 0, 0, 0, 1, 0, 0, 0, 2, 1, 1, 0, 0, 0, 0, 1, 0, 0, 0, 1, 0, 2, 0, 0, 0, 0, 0, 0, 0, 0, 0, 0, 0, 0, 0, 0, 0, 1, 1, 0, 0, 0, 0, 0, 0, 0, 1, 0, 1, 0, 0, 0, 1, 0, 0, 0, 0, 0, 1, 0, 0, 0, 0, 0, 0, 0, 2, 0, 0, 0], "pose": [[0.9250105023384094, -0.3782028555870056, 0.036306679248809814, -0.018153339624404907], [-0.3782028555870056, -0.9074323773384094, 0.18310949206352234, -0.09155474603176117], [-0.036306679248809814, -0.18310949206352234, -0.982421875, 0.4912109375], [0.0, 0.0, 0.0, 1.0]]}, {"hists": [1, 0, 0, 0, 2, 1, 1, 3, 2, 3, 2, 1, 0, 3, 2, 0, 1, 1, 0, 5, 1, 1, 1, 1, 1, 2, 2, 2, 0, 1, 0, 2, 2, 3, 0, 1, 3, 0, 4, 3, 0, 0, 1, 0, 2, 0, 3, 1, 1, 2, 1, 2, 1, 1, 2, 1, 2, 3, 0, 2, 1, 1, 0, 1, 1, 2, 1, 1, 0, 2, 2, 0, 0, 1, 1, 1, 2, 2, 0, 1, 1, 0, 0, 2, 3, 3, 3, 2, 0, 0, 2, 3, 2, 1, 1, 2, 1, 3, 2, 2, 0, 0, 0, 2, 1, 1, 3, 0, 1, 2, 1, 2, 1, 1, 2, 4, 0, 3, 0, 2, 3, 1, 1, 1, 1, 1, 0, 2, 2, 0, 3, 2, 3, 1, 0, 2, 1, 1, 1, 1, 3, 1, 1, 2, 3, 0, 3, 0, 3, 3, 0, 2, 1, 0, 0, 1, 0, 1, 0, 0, 2, 1, 1, 0, 3, 0, 0, 2, 1, 0, 5, 1, 1, 1, 2, 1, 1, 1, 0, 1, 1, 1, 0, 1, 1, 0, 2, 1, 2, 4, 1, 2, 0, 1, 6, 6, 7, 18, 14, 35, 45, 66, 72, 99, 110, 168, 172, 191, 181, 234, 221, 216, 185, 173, 148, 119, 122, 97, 106, 85, 69, 54, 50, 41, 40, 33, 22, 21, 24, 24, 21, 18, 23, 18, 10, 10, 7, 9, 2, 12, 6, 3, 3, 6, 4, 3, 5, 3, 2, 2, 1, 4, 3, 2, 1, 2, 3, 2, 0, 2, 2, 0, 0, 0, 1, 0, 1, 1, 2, 0, 0, 1, 1, 2, 5, 0, 3, 0, 1, 2, 0, 0, 1, 1, 2, 0, 0, 0, 1, 0, 0, 1, 1, 0, 1, 0, 0, 0, 1, 0, 0, 1, 1, 0, 0, 0, 0, 0, 1, 0, 2, 0, 1, 0, 1, 0, 2, 0, 0, 1, 0, 1, 2, 1, 0, 1, 0, 1, 0, 1, 0, 1, 0, 0, 0, 0, 1, 1, 0, 2, 2, 3, 3, 1, 3, 3, 5, 5, 3, 5, 2, 1, 4, 2, 0, 2, 1, 0, 2, 1, 0, 1, 0, 0, 0, 2, 1, 0, 1, 0, 0, 0, 0, 0, 2, 0, 0, 1, 0, 0, 0, 0, 1, 0, 0, 0, 0, 0, 0, 0, 0, 0, 0, 0, 0, 1, 0, 0, 1, 0, 0, 0, 1, 1, 0, 0, 0, 0, 0, 0, 0, 1, 0, 0, 1, 0, 0, 0, 2, 1, 1, 0, 0, 0, 1, 0, 0, 0, 0, 0, 0, 0, 1, 0, 0, 0, 1, 0, 2, 0, 0, 0, 0, 0, 0, 0, 0, 1, 0, 0, 0, 0, 2, 0, 0, 1, 0, 0, 0, 0, 0, 0, 0, 1, 1, 0, 0, 0, 1, 0, 0, 0, 1, 1, 0, 0, 2, 0, 0, 0, 0, 0, 0, 0, 0, 0, 0, 1, 1, 1, 0, 1, 0, 0, 0, 1, 0, 1, 0, 0, 1, 2, 1, 0, 0, 0, 0, 0, 0, 0, 0, 0, 0, 0, 1, 1, 0, 1, 0, 0, 0, 2, 0, 0, 0, 0, 0, 0, 0, 1, 0, 1, 0, 0, 0, 0, 1, 0, 0, 0, 0, 1, 2, 1, 0, 1, 1, 0, 0, 0, 1, 0, 0, 1, 0, 1, 0, 0, 0, 1, 0, 0, 1, 1, 0, 0, 0, 0, 0, 0, 0, 0, 1, 0, 0, 1, 1, 2, 0, 1, 0, 0, 0, 0, 0, 0, 0, 0, 0, 0, 0, 0, 0, 0, 0, 1, 1, 0, 0, 0, 1, 0, 0, 0, 0, 1, 0, 0, 1, 0, 0, 0, 0, 1, 0, 2, 0, 0, 0, 0, 0, 0, 1, 0, 0, 1, 0, 1, 0, 0, 0, 1, 0, 0, 1, 0, 0, 0, 0, 0, 0, 0, 0, 0, 0, 0, 0, 0, 0, 0, 0, 0, 0, 0, 0, 1, 0, 0, 0, 0, 0, 1, 0, 2, 0, 1, 0, 0, 0, 0, 2, 2, 0, 0, 0, 1, 0, 0, 0, 1, 1, 0, 1, 0, 1, 0, 0, 1, 0, 0, 0, 0, 0, 0, 0, 0, 0, 1, 1, 0, 0, 0, 0, 0, 1, 0, 0, 0, 0, 0, 0, 0, 1, 0, 0, 0, 1, 0, 0, 0, 0, 0, 1, 0, 0, 0, 0, 0, 1, 1, 1, 0, 0, 0, 1, 0, 0, 0, 0, 0, 0, 0, 0, 0, 0, 0, 0, 0, 0, 0, 1, 1, 0, 1, 0, 0, 0, 0, 0, 0, 0, 0, 0, 1, 0, 0, 0, 0, 1, 0, 0, 0, 0, 0, 0, 1, 1, 0, 0, 0, 0, 0, 1, 1, 0, 0, 0, 0, 0, 0, 0, 1, 0, 2, 0, 0, 0, 0, 1, 0, 0, 0, 0, 0, 0, 0, 0, 1, 0, 0, 1, 0, 0, 1, 0, 0, 0, 1, 1, 1, 1, 0, 0, 0, 0, 0, 1, 0, 0, 0, 0, 0, 1, 1, 2, 1, 0, 0, 1, 0, 0, 1, 0, 1, 0, 1, 0, 1, 0, 0, 0, 0, 0, 0, 0, 0, 0, 0, 0, 0, 0, 0, 0, 0, 0, 0, 0, 0, 1, 0, 0, 1, 0, 0, 0, 0, 0, 0, 0, 1, 0, 1, 0, 0, 1, 1, 1, 0, 0, 1, 0, 2, 0, 0, 0, 1, 0, 0, 0, 0, 0, 1, 0, 1, 0, 0, 0, 1, 0, 0, 0, 0, 0, 0, 0, 0, 0, 1, 0, 0, 0, 0, 1, 2, 0, 0, 0, 1, 0, 0, 0, 0, 0, 0, 0, 0, 0, 0, 0, 0, 0, 0, 0, 0, 0, 0, 0, 0, 0, 0, 0, 2, 0, 0, 0, 0, 1, 2, 0, 0, 0, 1, 1, 2, 0, 0, 0, 0, 0, 0, 0, 0, 2, 0, 0, 0, 0, 1, 0, 0, 0, 1, 0, 0, 0, 0, 0, 0, 0, 0, 1, 0, 0, 0, 0, 0, 0, 0, 0, 0, 1, 0, 0, 0, 1, 1, 1, 0, 0, 0, 0, 0, 0, 0, 0, 0, 0, 0, 2, 0, 1, 0, 0, 1], "pose": [[-0.28532665967941284, -0.9439142942428589, -0.1661759316921234, 0.0830879658460617], [-0.9439142942428589, 0.30681103467941284, -0.12203577905893326, 0.06101788952946663], [0.1661759316921234, 0.12203577905893326, -0.978515625, 0.4892578125], [0.0, 0.0, 0.0, 1.0]]}, {"hists": [1, 0, 0, 1, 2, 2, 1, 2, 0, 4, 1, 0, 0, 5, 1, 0, 1, 1, 1, 0, 0, 1, 0, 3, 0, 1, 2, 0, 1, 2, 1, 0, 0, 2, 0, 0, 1, 1, 3, 1, 2, 4, 4, 0, 0, 1, 3, 0, 0, 3, 2, 0, 0, 1, 1, 1, 1, 1, 1, 2, 0, 1, 4, 1, 2, 2, 2, 2, 1, 1, 1, 1, 0, 2, 2, 0, 1, 1, 0, 1, 0, 0, 2, 0, 1, 2, 0, 2, 2, 2, 1, 1, 1, 1, 0, 0, 0, 2, 2, 1, 2, 2, 1, 0, 1, 0, 0, 1, 1, 0, 1, 1, 1, 1, 0, 0, 0, 1, 4, 0, 0, 0, 3, 1, 2, 0, 1, 2, 0, 2, 0, 0, 3, 1, 3, 1, 2, 0, 1, 2, 1, 2, 1, 1, 2, 2, 1, 0, 0, 1, 1, 1, 0, 2, 1, 2, 1, 0, 1, 0, 2, 1, 0, 2, 3, 0, 2, 2, 1, 0, 1, 1, 3, 2, 1, 1, 2, 1, 1, 2, 0, 0, 4, 1, 1, 1, 2, 2, 0, 0, 1, 0, 1, 3, 1, 0, 3, 2, 7, 24, 30, 50, 50, 72, 85, 118, 151, 147, 189, 209, 214, 222, 213, 178, 188, 186, 131, 113, 111, 87, 85, 60, 40, 51, 53, 27, 31, 29, 29, 19, 14, 24, 17, 23, 18, 15, 17, 12, 10, 12, 10, 6, 7, 6, 7, 2, 4, 3, 4, 2, 3, 4, 0, 2, 0, 0, 3, 1, 0, 2, 0, 1, 1, 2, 0, 0, 0, 1, 0, 0, 0, 0, 1, 0, 1, 0, 2, 3, 1, 0, 0, 0, 0, 1, 1, 0, 0, 0, 0, 0, 0, 0, 0, 0, 0, 0, 1, 0, 1, 1, 0, 0, 0, 1, 1, 0, 0, 1, 1, 0, 0, 1, 0, 2, 0, 1, 1, 0, 2, 2, 0, 0, 2, 3, 1, 1, 1, 1, 1, 1, 2, 0, 4, 1, 0, 0, 3, 1, 3, 1, 0, 4, 7, 3, 4, 6, 3, 3, 4, 2, 0, 2, 0, 1, 0, 2, 2, 4, 1, 1, 3, 0, 3, 1, 0, 1, 1, 1, 1, 0, 0, 0, 1, 0, 0, 0, 0, 0, 1, 0, 1, 0, 0, 0, 0, 0, 1, 1, 0, 0, 0, 0, 0, 2, 0, 1, 0, 0, 0, 0, 0, 0, 1, 0, 0, 0, 1, 1, 0, 1, 0, 0, 0, 0, 1, 0, 0, 1, 1, 0, 0, 0, 0, 0, 0, 0, 2, 0, 0, 0, 1, 0, 1, 1, 0, 1, 1, 0, 0, 0, 1, 1, 0, 1, 0, 0, 1, 0, 0, 0, 0, 0, 0, 0, 0, 0, 0, 0, 0, 1, 1, 0, 0, 0, 1, 0, 0, 0, 0, 0, 0, 1, 0, 0, 1, 0, 0, 1, 1, 1, 0, 0, 0, 0, 0, 1, 0, 0, 0, 0, 0, 0, 0, 0, 0, 1, 0, 1, 0, 1, 0, 0, 0, 1, 1, 1, 0, 0, 0, 1, 0, 0, 0, 0, 0, 1, 0, 0, 0, 0, 1, 0, 0, 0, 0, 1, 2, 0, 0, 0, 0, 0, 0, 0, 0, 1, 2, 1, 1, 1, 0, 0, 0, 1, 0, 2, 1, 0, 1, 1, 0, 0, 0, 1, 0, 0, 3, 1, 1, 1, 0, 0, 0, 0, 0, 0, 0, 0, 0, 0, 0, 0, 1, 1, 0, 0, 0, 0, 0, 0, 0, 0, 0, 0, 0, 0, 1, 0, 1, 0, 0, 0, 0, 0, 0, 0, 0, 0, 2, 0, 1, 1, 1, 0, 0, 0, 0, 0, 0, 1, 0, 0, 0, 0, 0, 0, 0, 0, 0, 0, 0, 0, 1, 0, 0, 1, 0, 0, 0, 0, 0, 0, 1, 0, 1, 0, 0, 0, 0, 0, 0, 0, 0, 1, 0, 0, 0, 1, 0, 0, 0, 0, 1, 0, 0, 0, 0, 0, 1, 0, 0, 0, 0, 0, 0, 1, 0, 0, 0, 0, 0, 1, 0, 1, 0, 0, 0, 1, 0, 0, 0, 0, 1, 0, 0, 0, 2, 0, 1, 0, 0, 1, 0, 0, 0, 0, 0, 1, 1, 1, 0, 0, 0, 0, 0, 0, 0, 0, 2, 1, 0, 1, 0, 0, 1, 0, 0, 1, 0, 1, 0, 0, 1, 1, 0, 0, 0, 0, 0, 0, 1, 1, 0, 0, 1, 0, 0, 0, 0, 0, 0, 0, 0, 0, 0, 0, 0, 0, 0, 1, 1, 0, 0, 0, 0, 1, 0, 0, 2, 0, 0, 0, 0, 0, 2, 1, 0, 0, 0, 0, 0, 1, 0, 1, 0, 0, 0, 0, 0, 0, 0, 0, 1, 0, 1, 0, 0, 0, 0, 2, 2, 0, 1, 0, 0, 1, 0, 0, 0, 0, 0, 0, 1, 1, 0, 0, 0, 0, 0, 0, 0, 0, 0, 0, 1, 1, 0, 0, 0, 0, 1, 0, 0, 0, 1, 0, 0, 0, 0, 0, 0, 0, 0, 0, 0, 0, 0, 0, 0, 1, 0, 0, 0, 0, 0, 0, 0, 0, 0, 0, 1, 0, 1, 1, 0, 0, 0, 0, 0, 1, 0, 0, 1, 1, 0, 0, 0, 0, 0, 1, 0, 0, 1, 0, 0, 0, 0, 0, 0, 1, 1, 0, 2, 0, 0, 0, 0, 0, 0, 0, 1, 0, 0, 0, 1, 0, 0, 0, 0, 0, 1, 0, 0, 1, 0, 2, 1, 0, 0, 0, 0, 0, 0, 0, 0, 0, 0, 0, 0, 0, 0, 0, 0, 1, 0, 1, 0, 0, 0, 0, 0, 0, 2, 0, 0, 0, 0, 1, 0, 0, 0, 0, 0, 0, 2, 1, 1, 0, 0, 1, 0, 0, 0, 3, 0, 0, 0, 1, 0, 1, 0, 1, 0, 0, 0, 0, 0, 0, 0, 0, 1, 0, 0, 0, 0, 1, 0, 0, 0, 2, 0, 0, 1, 0, 0, 0, 0, 0, 0, 1, 0, 0, 0, 0, 0, 0, 0, 0, 0, 0, 1, 0, 0, 1, 0, 0, 0, 1, 1, 0, 0, 0, 0, 1, 0, 1, 0, 0, 0, 0, 1, 1, 1, 1], "pose": [[-0.9515812397003174, 0.2119935005903244, 0.2226024866104126, -0.1113012433052063], [0.2119935005903244, 0.9769718647003174, -0.024180535227060318, 0.012090267613530159], [-0.2226024866104126, 0.024180535227060318, -0.974609375, 0.4873046875], [0.0, 0.0, 0.0, 1.0]]}, {"hists": [0, 1, 0, 0, 3, 1, 1, 1, 1, 0, 0, 2, 1, 0, 2, 2, 0, 3, 0, 1, 0, 1, 1, 0, 1, 1, 0, 0, 0, 0, 2, 2, 3, 2, 0, 0, 1, 3, 1, 0, 1, 0, 3, 0, 0, 3, 2, 1, 1, 1, 1, 2, 2, 1, 0, 1, 1, 1, 1, 1, 0, 2, 1, 1, 1, 1, 1, 1, 0, 1, 2, 3, 0, 2, 0, 0, 2, 1, 1, 0, 1, 3, 3, 2, 2, 0, 1, 0, 1, 0, 2, 1, 1, 2, 1, 1, 3, 2, 2, 0, 3, 1, 3, 0, 0, 1, 1, 0, 1, 0, 1, 4, 0, 2, 1, 2, 1, 2, 1, 1, 1, 3, 0, 0, 1, 0, 0, 2, 2, 1, 3, 3, 2, 0, 0, 1, 2, 1, 1, 1, 1, 2, 2, 2, 1, 1, 1, 1, 1, 2, 2, 0, 0, 3, 0, 1, 2, 1, 0, 1, 0, 1, 2, 0, 2, 1, 1, 0, 1, 4, 0, 0, 1, 0, 2, 0, 0, 3, 0, 0, 1, 2, 0, 3, 0, 0, 2, 1, 1, 1, 2, 1, 1, 0, 2, 1, 1, 0, 2, 2, 4, 12, 19, 32, 54, 84, 137, 194, 194, 250, 216, 233, 202, 204, 159, 160, 161, 129, 148, 112, 79, 90, 69, 64, 51, 57, 32, 27, 36, 29, 27, 21, 23, 15, 18, 12, 12, 18, 22, 15, 17, 4, 10, 14, 7, 7, 10, 7, 4, 6, 9, 13, 12, 8, 8, 13, 14, 8, 4, 7, 0, 4, 4, 2, 1, 2, 1, 0, 2, 1, 4, 1, 3, 0, 0, 2, 0, 2, 1, 0, 0, 0, 1, 1, 1, 1, 2, 1, 1, 0, 2, 0, 0, 0, 0, 1, 0, 1, 0, 0, 0, 0, 0, 1, 0, 0, 0, 0, 0, 0, 0, 0, 1, 1, 1, 1, 1, 0, 0, 0, 0, 1, 0, 0, 0, 0, 0, 0, 0, 0, 0, 1, 1, 1, 0, 0, 1, 1, 1, 0, 0, 0, 1, 0, 0, 2, 2, 3, 1, 2, 2, 2, 0, 1, 0, 0, 1, 0, 0, 0, 3, 1, 1, 0, 0, 3, 1, 0, 1, 1, 0, 1, 0, 1, 2, 1, 1, 0, 0, 1, 2, 1, 2, 1, 0, 0, 0, 1, 0, 0, 0, 0, 0, 0, 0, 0, 0, 0, 0, 0, 1, 0, 1, 0, 0, 0, 0, 0, 0, 1, 0, 0, 0, 0, 0, 0, 0, 0, 1, 0, 0, 0, 0, 0, 0, 0, 0, 1, 1, 0, 2, 0, 0, 0, 2, 0, 1, 0, 0, 0, 0, 0, 0, 0, 0, 1, 1, 0, 0, 1, 0, 2, 1, 0, 0, 0, 0, 0, 0, 0, 0, 0, 0, 2, 0, 1, 0, 0, 1, 1, 0, 1, 0, 0, 0, 0, 0, 0, 0, 1, 0, 2, 0, 0, 0, 0, 0, 2, 0, 0, 1, 0, 0, 0, 1, 0, 0, 0, 0, 0, 0, 1, 1, 0, 0, 0, 1, 0, 1, 0, 0, 0, 0, 0, 0, 0, 0, 0, 0, 0, 0, 0, 0, 1, 0, 0, 0, 0, 1, 0, 0, 1, 2, 0, 0, 1, 0, 0, 1, 1, 0, 1, 0, 0, 0, 0, 0, 0, 0, 0, 0, 1, 0, 0, 1, 0, 0, 0, 0, 1, 0, 0, 0, 1, 0, 0, 1, 0, 0, 1, 0, 0, 0, 1, 0, 1, 0, 1, 2, 0, 0, 0, 0, 0, 0, 0, 0, 0, 0, 0, 0, 0, 0, 0, 0, 0, 0, 0, 0, 0, 1, 0, 3, 0, 1, 0, 0, 0, 0, 0, 0, 0, 0, 0, 0, 0, 0, 0, 0, 0, 0, 0, 0, 0, 1, 0, 1, 1, 0, 0, 0, 0, 0, 0, 0, 0, 1, 0, 0, 0, 0, 0, 0, 0, 0, 0, 0, 0, 0, 0, 0, 0, 0, 0, 0, 0, 1, 0, 0, 1, 1, 1, 2, 0, 2, 0, 0, 0, 1, 0, 0, 0, 0, 1, 0, 0, 1, 1, 0, 0, 0, 1, 0, 0, 0, 0, 0, 0, 0, 0, 0, 1, 1, 0, 0, 1, 0, 0, 0, 0, 0, 0, 0, 0, 0, 0, 0, 0, 0, 0, 1, 1, 1, 0, 1, 1, 0, 0, 0, 0, 0, 0, 0, 0, 0, 0, 0, 0, 0, 0, 0, 0, 0, 1, 0, 0, 0, 0, 0, 0, 0, 0, 0, 0, 0, 0, 0, 0, 0, 1, 0, 0, 0, 1, 0, 0, 1, 0, 0, 1, 0, 0, 0, 0, 0, 0, 0, 0, 0, 0, 0, 0, 0, 0, 1, 1, 1, 0, 0, 0, 0, 2, 0, 0, 0, 0, 0, 0, 0, 0, 0, 0, 0, 0, 0, 0, 0, 1, 0, 0, 0, 1, 0, 0, 0, 0, 0, 0, 0, 0, 1, 0, 0, 0, 0, 0, 0, 0, 0, 1, 0, 1, 0, 1, 0, 1, 0, 0, 0, 0, 0, 0, 1, 0, 0, 1, 0, 0, 0, 0, 0, 0, 0, 0, 0, 0, 1, 1, 0, 0, 0, 1, 1, 0, 0, 0, 0, 0, 0, 0, 0, 0, 1, 0, 1, 1, 0, 0, 0, 0, 0, 0, 0, 0, 0, 1, 0, 0, 0, 0, 1, 0, 0, 0, 0, 0, 0, 0, 0, 0, 0, 1, 0, 0, 0, 0, 1, 0, 0, 1, 1, 1, 1, 0, 0, 1, 0, 0, 1, 1, 0, 0, 0, 0, 0, 0, 0, 0, 0, 1, 1, 1, 0, 0, 0, 0, 1, 0, 0, 0, 0, 0, 0, 0, 0, 0, 0, 0, 0, 1, 0, 0, 0, 0, 1, 0, 0, 0, 2, 0, 1, 1, 0, 1, 0, 0, 1, 0, 0, 0, 0, 0, 1, 0, 0, 0, 0, 1, 1, 1, 1, 0, 1, 1, 0, 0, 0, 0, 0, 0, 0, 0, 0, 2, 1, 0, 0, 0, 0, 0, 1, 0, 0, 1, 0, 0, 0, 0, 0, 1, 1, 0, 0, 0, 0, 1, 0, 0, 0, 2, 0, 0, 0, 1, 0, 0, 0, 0, 0, 0, 0, 0, 0, 1], "pose": [[0.14127662777900696, 0.9771811366081238, -0.158612459897995, 0.0793062299489975], [0.9771811366081238, -0.11197976022958755, 0.18049247562885284, -0.09024623781442642], [0.158612459897995, -0.18049247562885284, -0.970703125, 0.4853515625], [0.0, 0.0, 0.0, 1.0]]}, {"hists": [1, 0, 0, 0, 2, 0, 1, 3, 2, 1, 3, 0, 0, 2, 1, 0, 1, 1, 0, 3, 0, 1, 0, 1, 2, 2, 1, 1, 0, 1, 3, 1, 1, 3, 2, 1, 3, 1, 1, 4, 2, 1, 0, 4, 3, 1, 1, 2, 0, 0, 2, 2, 1, 0, 1, 1, 0, 2, 1, 1, 4, 1, 0, 0, 2, 1, 1, 0, 2, 4, 1, 0, 2, 1, 3, 3, 4, 1, 0, 0, 2, 2, 2, 0, 3, 1, 2, 1, 0, 1, 0, 3, 1, 1, 1, 0, 0, 0, 1, 1, 1, 0, 4, 4, 0, 2, 1, 1, 0, 0, 1, 4, 5, 2, 1, 1, 0, 1, 3, 1, 1, 2, 0, 3, 1, 0, 1, 1, 0, 0, 0, 0, 0, 0, 1, 1, 1, 2, 0, 1, 2, 0, 2, 0, 1, 0, 2, 1, 3, 2, 0, 0, 1, 0, 2, 0, 0, 1, 0, 1, 1, 0, 0, 1, 1, 1, 2, 1, 2, 1, 1, 1, 0, 1, 1, 1, 2, 1, 1, 0, 0, 1, 2, 4, 1, 1, 0, 1, 2, 1, 1, 1, 0, 1, 1, 0, 1, 1, 1, 0, 1, 0, 1, 1, 1, 4, 8, 18, 41, 76, 90, 168, 152, 189, 205, 208, 205, 183, 147, 136, 140, 121, 121, 105, 82, 84, 61, 63, 47, 49, 39, 27, 31, 38, 18, 23, 22, 16, 21, 12, 13, 10, 15, 12, 7, 14, 12, 9, 9, 6, 8, 8, 6, 5, 8, 3, 3, 3, 2, 3, 1, 0, 2, 0, 0, 0, 1, 0, 2, 0, 1, 0, 2, 1, 0, 1, 0, 0, 0, 1, 0, 0, 1, 0, 0, 0, 1, 2, 0, 0, 0, 0, 2, 2, 2, 0, 1, 1, 1, 2, 2, 0, 1, 3, 1, 4, 0, 3, 1, 2, 3, 2, 4, 2, 2, 1, 2, 5, 5, 4, 1, 4, 0, 2, 3, 1, 0, 6, 2, 2, 1, 1, 2, 0, 6, 1, 2, 5, 3, 2, 4, 2, 3, 5, 3, 5, 8, 4, 4, 1, 6, 5, 3, 7, 5, 3, 3, 4, 10, 4, 4, 2, 3, 2, 1, 2, 0, 2, 0, 1, 2, 1, 0, 1, 1, 1, 0, 1, 0, 0, 0, 1, 0, 0, 0, 1, 0, 0, 0, 1, 0, 0, 0, 0, 0, 0, 1, 1, 0, 0, 2, 0, 0, 1, 0, 0, 0, 0, 0, 1, 0, 0, 2, 0, 1, 1, 0, 0, 1, 0, 1, 0, 0, 0, 0, 0, 0, 0, 1, 1, 0, 2, 0, 0, 0, 0, 0, 1, 1, 1, 0, 0, 0, 0, 2, 0, 1, 1, 1, 0, 0, 1, 1, 0, 1, 0, 1, 0, 0, 0, 0, 0, 0, 0, 0, 1, 0, 0, 0, 1, 0, 0, 0, 0, 0, 0, 0, 0, 1, 0, 0, 1, 0, 0, 0, 0, 0, 1, 0, 0, 0, 2, 1, 0, 0, 0, 1, 0, 0, 1, 0, 0, 0, 0, 1, 1, 1, 2, 0, 0, 0, 0, 0, 1, 0, 0, 1, 0, 0, 0, 0, 1, 1, 0, 1, 0, 0, 0, 0, 0, 0, 1, 0, 0, 0, 0, 1, 0, 1, 0, 0, 0, 0, 1, 1, 0, 0, 2, 0, 1, 0, 0, 1, 1, 0, 0, 0, 0, 0, 0, 1, 0, 0, 0, 2, 0, 1, 1, 1, 0, 2, 0, 0, 0, 0, 3, 1, 0, 0, 0, 1, 0, 0, 0, 0, 0, 0, 0, 0, 1, 1, 0, 0, 0, 1, 0, 1, 1, 1, 0, 1, 2, 0, 0, 0, 0, 0, 2, 0, 0, 1, 2, 0, 0, 0, 0, 0, 0, 1, 2, 1, 0, 0, 0, 0, 0, 0, 0, 0, 1, 2, 2, 0, 0, 0, 0, 0, 1, 1, 1, 0, 0, 0, 1, 0, 0, 0, 0, 0, 1, 0, 0, 0, 0, 0, 0, 0, 1, 1, 0, 0, 0, 0, 0, 1, 1, 1, 1, 0, 0, 0, 0, 0, 0, 0, 0, 0, 0, 1, 0, 1, 1, 0, 1, 1, 2, 0, 0, 0, 0, 1, 1, 0, 1, 0, 0, 1, 0, 0, 0, 1, 1, 0, 0, 0, 1, 0, 1, 1, 2, 0, 1, 0, 0, 0, 0, 0, 1, 0, 0, 1, 0, 0, 1, 1, 0, 0, 0, 0, 1, 0, 0, 1, 0, 1, 0, 0, 0, 0, 0, 0, 1, 0, 0, 0, 0, 3, 0, 0, 0, 1, 1, 1, 0, 0, 0, 0, 0, 1, 0, 1, 2, 0, 0, 0, 2, 0, 0, 0, 0, 0, 0, 0, 0, 0, 0, 0, 0, 0, 0, 0, 0, 1, 0, 0, 0, 0, 0, 0, 0, 1, 0, 0, 1, 0, 0, 0, 0, 0, 0, 0, 0, 0, 1, 1, 0, 0, 0, 0, 0, 0, 0, 0, 0, 0, 0, 0, 0, 0, 0, 1, 1, 0, 0, 0, 0, 0, 1, 1, 0, 0, 0, 0, 1, 1, 0, 1, 0, 0, 0, 1, 0, 0, 0, 0, 0, 0, 0, 0, 1, 0, 0, 1, 0, 1, 0, 0, 0, 0, 0, 0, 0, 0, 0, 1, 2, 0, 0, 0, 0, 1, 0, 0, 1, 0, 1, 0, 0, 0, 0, 0, 1, 0, 0, 0, 0, 1, 0, 0, 0, 0, 0, 1, 0, 1, 0, 0, 0, 0, 0, 0, 0, 0, 0, 0, 0, 0, 1, 1, 1, 0, 2, 0, 0, 0, 0, 2, 1, 0, 0, 0, 1, 1, 0, 0, 2, 0, 0, 1, 0, 0, 0, 0, 0, 0, 0, 0, 0, 0, 0, 0, 0, 0, 0, 3, 0, 0, 0, 0, 0, 1, 0, 0, 0, 0, 0, 0, 2, 0, 0, 0, 0, 0, 0, 0, 0, 0, 1, 0, 0, 1, 0, 0, 0, 0, 0, 0, 0, 1, 0, 0, 0, 2, 0, 0, 0, 0, 0, 0, 0, 1, 0, 0, 0, 0, 0, 1, 0, 1, 0, 0, 0, 1, 0, 0, 0, 1, 0, 0, 1, 0, 0, 0, 0, 0, 0, 0, 1, 1, 1, 1, 0, 1, 0], "pose": [[0.9991602301597595, -0.04063188657164574, -0.00528043182566762, 0.00264021591283381], [-0.04063188657164574, -0.9659571051597595, -0.2554915249347687, 0.12774576246738434], [0.00528043182566762, 0.2554915249347687, -0.966796875, 0.4833984375], [0.0, 0.0, 0.0, 1.0]]}, {"hists": [0, 2, 2, 0, 1, 3, 0, 0, 1, 1, 1, 0, 0, 1, 2, 1, 0, 0, 2, 0, 1, 1, 2, 1, 0, 0, 2, 3, 0, 0, 1, 2, 3, 2, 2, 0, 1, 1, 0, 0, 1, 2, 2, 2, 1, 4, 2, 2, 0, 2, 0, 1, 1, 0, 1, 1, 1, 1, 0, 2, 1, 1, 0, 0, 2, 0, 2, 0, 1, 2, 3, 2, 0, 0, 1, 0, 1, 0, 1, 1, 2, 2, 4, 1, 1, 1, 1, 0, 1, 3, 0, 0, 0, 0, 2, 3, 1, 2, 1, 1, 1, 2, 2, 1, 2, 2, 0, 1, 0, 1, 1, 4, 1, 0, 3, 1, 1, 0, 1, 1, 3, 0, 2, 2, 2, 0, 2, 0, 1, 1, 1, 2, 0, 1, 2, 2, 0, 4, 0, 2, 1, 3, 1, 2, 2, 0, 0, 2, 1, 2, 0, 2, 0, 0, 0, 1, 1, 1, 0, 2, 1, 1, 5, 1, 3, 2, 1, 4, 0, 0, 0, 0, 1, 1, 1, 0, 1, 0, 3, 0, 0, 0, 1, 4, 3, 1, 1, 0, 0, 2, 0, 0, 2, 6, 2, 10, 8, 16, 26, 37, 46, 80, 62, 88, 82, 88, 84, 126, 156, 171, 209, 234, 177, 188, 183, 162, 137, 128, 106, 85, 71, 70, 65, 41, 48, 24, 37, 22, 23, 27, 16, 12, 17, 13, 18, 16, 14, 5, 6, 10, 8, 9, 3, 6, 3, 2, 8, 4, 5, 2, 3, 3, 4, 4, 5, 1, 1, 9, 1, 7, 9, 5, 9, 5, 6, 4, 1, 3, 3, 3, 0, 2, 2, 0, 1, 0, 2, 1, 2, 1, 0, 0, 0, 1, 1, 1, 1, 2, 0, 0, 0, 0, 2, 2, 0, 2, 0, 0, 0, 0, 0, 1, 1, 0, 0, 0, 0, 0, 0, 0, 0, 0, 0, 2, 0, 0, 1, 0, 1, 1, 1, 2, 0, 1, 1, 3, 0, 3, 0, 2, 1, 0, 3, 1, 4, 2, 1, 6, 3, 5, 0, 7, 0, 2, 3, 1, 1, 3, 1, 0, 0, 2, 2, 3, 3, 3, 0, 2, 0, 2, 0, 0, 1, 0, 0, 0, 0, 1, 1, 1, 0, 1, 1, 0, 0, 0, 0, 0, 1, 0, 2, 1, 0, 0, 0, 0, 1, 1, 0, 1, 0, 0, 0, 0, 0, 1, 2, 0, 1, 1, 2, 1, 0, 1, 0, 1, 0, 0, 0, 0, 0, 0, 0, 0, 0, 0, 2, 0, 0, 1, 0, 0, 0, 1, 0, 0, 0, 0, 0, 0, 0, 0, 0, 0, 0, 0, 0, 0, 0, 0, 0, 1, 0, 1, 0, 0, 2, 0, 0, 0, 0, 0, 0, 0, 0, 0, 0, 0, 1, 0, 0, 1, 0, 0, 1, 0, 1, 2, 0, 0, 1, 0, 0, 0, 1, 0, 0, 0, 1, 1, 1, 0, 0, 0, 2, 2, 0, 0, 0, 0, 0, 0, 1, 0, 2, 0, 0, 1, 0, 0, 0, 0, 0, 1, 0, 0, 1, 1, 0, 0, 1, 0, 0, 1, 0, 1, 0, 0, 0, 0, 1, 0, 0, 1, 1, 1, 0, 1, 0, 0, 0, 0, 0, 0, 0, 1, 0, 0, 0, 1, 1, 0, 0, 0, 0, 0, 0, 0, 1, 0, 0, 0, 2, 0, 0, 1, 1, 0, 0, 0, 0, 1, 0, 1, 0, 0, 2, 2, 0, 1, 0, 0, 0, 0, 0, 0, 1, 1, 0, 0, 1, 0, 0, 0, 0, 1, 0, 1, 0, 0, 1, 0, 0, 0, 0, 0, 0, 0, 0, 0, 1, 2, 0, 1, 0, 0, 0, 3, 0, 0, 1, 0, 0, 0, 0, 0, 0, 0, 0, 0, 0, 0, 0, 1, 0, 1, 0, 2, 1, 1, 0, 0, 0, 0, 0, 0, 0, 0, 0, 0, 0, 0, 0, 0, 0, 0, 1, 0, 1, 0, 2, 0, 1, 0, 1, 0, 0, 0, 0, 0, 0, 1, 0, 1, 0, 0, 0, 0, 0, 0, 0, 0, 1, 0, 0, 2, 0, 1, 0, 0, 0, 0, 0, 0, 1, 0, 0, 0, 0, 1, 1, 0, 2, 0, 0, 0, 0, 0, 0, 1, 0, 1, 1, 0, 0, 0, 0, 0, 0, 0, 0, 0, 0, 1, 0, 0, 0, 0, 0, 0, 0, 0, 0, 0, 0, 0, 0, 1, 0, 0, 0, 0, 0, 0, 0, 0, 1, 0, 1, 2, 0, 0, 0, 0, 1, 0, 0, 0, 0, 0, 1, 1, 0, 0, 1, 1, 1, 1, 0, 1, 0, 0, 0, 0, 0, 0, 1, 0, 1, 0, 0, 1, 1, 0, 0, 1, 1, 0, 0, 0, 0, 0, 0, 1, 0, 1, 1, 0, 0, 0, 1, 1, 1, 0, 0, 1, 0, 0, 0, 0, 1, 0, 0, 1, 0, 0, 0, 0, 1, 0, 0, 0, 0, 0, 0, 0, 0, 0, 1, 0, 0, 1, 0, 0, 1, 0, 0, 0, 0, 1, 1, 0, 0, 0, 1, 0, 0, 2, 0, 0, 0, 0, 1, 0, 1, 1, 0, 0, 0, 0, 0, 0, 0, 0, 1, 0, 1, 1, 1, 0, 1, 0, 2, 1, 0, 1, 0, 1, 0, 1, 0, 0, 0, 0, 0, 0, 1, 0, 0, 0, 0, 0, 0, 0, 0, 1, 0, 1, 1, 1, 0, 0, 1, 0, 0, 0, 0, 0, 0, 0, 0, 0, 0, 0, 0, 0, 0, 0, 0, 1, 0, 0, 0, 0, 1, 0, 1, 0, 0, 0, 0, 0, 0, 0, 0, 0, 1, 0, 0, 0, 0, 1, 2, 0, 0, 0, 0, 1, 1, 0, 0, 0, 1, 0, 0, 0, 0, 0, 0, 1, 0, 0, 1, 0, 1, 0, 0, 0, 2, 0, 0, 0, 0, 0, 2, 1, 0, 1, 0, 1, 0, 0, 0, 0, 0, 2, 0, 0, 0, 0, 0, 0, 0, 1, 1, 0, 1, 0, 1, 0, 0, 1, 1, 0, 1, 1, 0, 0, 0, 1, 0, 0, 0, 0, 0, 0, 0, 0, 0, 0, 0, 2, 1, 0, 0, 0, 0, 0, 0, 0, 0, 1, 2, 1], "pose": [[0.06388907879590988, -0.9803977012634277, 0.18638265132904053, -0.09319132566452026], [-0.9803977012634277, -0.02677970565855503, 0.19520029425621033, -0.09760014712810516], [-0.18638265132904053, -0.19520029425621033, -0.962890625, 0.4814453125], [0.0, 0.0, 0.0, 1.0]]}, {"hists": [1, 0, 0, 1, 1, 1, 2, 1, 2, 2, 1, 3, 2, 2, 1, 0, 1, 0, 6, 2, 1, 1, 1, 3, 3, 0, 3, 2, 1, 1, 2, 1, 1, 2, 2, 3, 2, 0, 1, 0, 3, 1, 1, 0, 1, 1, 1, 1, 0, 1, 1, 1, 3, 0, 1, 0, 0, 3, 2, 2, 1, 0, 0, 1, 1, 0, 3, 2, 1, 1, 1, 2, 2, 2, 1, 0, 0, 1, 3, 4, 1, 1, 0, 2, 0, 0, 0, 3, 0, 1, 0, 3, 2, 0, 1, 3, 1, 2, 1, 1, 1, 1, 1, 0, 1, 3, 3, 1, 2, 0, 0, 1, 0, 2, 2, 2, 0, 1, 1, 1, 2, 1, 0, 0, 1, 2, 2, 0, 0, 0, 1, 1, 3, 2, 1, 0, 1, 1, 1, 2, 4, 2, 1, 0, 1, 3, 3, 0, 1, 2, 1, 1, 2, 7, 0, 1, 1, 1, 0, 0, 2, 2, 0, 1, 2, 1, 1, 2, 3, 3, 1, 2, 1, 1, 1, 2, 2, 1, 3, 1, 1, 1, 2, 3, 0, 0, 1, 2, 3, 2, 0, 4, 2, 3, 8, 14, 26, 42, 37, 65, 63, 62, 53, 67, 65, 57, 73, 84, 103, 99, 152, 199, 209, 201, 195, 188, 139, 139, 101, 82, 76, 61, 51, 48, 57, 37, 26, 29, 34, 22, 21, 15, 24, 13, 8, 13, 19, 18, 16, 8, 9, 8, 11, 2, 11, 9, 2, 4, 3, 1, 5, 4, 5, 2, 4, 2, 3, 5, 4, 4, 5, 3, 2, 2, 4, 8, 5, 5, 2, 5, 7, 3, 3, 2, 2, 1, 5, 2, 1, 4, 0, 1, 0, 1, 0, 0, 1, 0, 0, 1, 0, 0, 1, 1, 0, 0, 0, 1, 0, 0, 1, 0, 1, 0, 0, 0, 0, 1, 0, 1, 0, 1, 0, 2, 0, 1, 0, 0, 2, 1, 2, 2, 1, 2, 2, 1, 1, 1, 2, 3, 0, 1, 0, 1, 0, 4, 4, 3, 6, 3, 2, 2, 1, 1, 9, 3, 2, 1, 2, 0, 3, 3, 3, 1, 2, 3, 2, 2, 1, 1, 1, 1, 1, 1, 0, 1, 0, 0, 1, 1, 0, 0, 1, 1, 1, 0, 0, 0, 1, 1, 0, 1, 0, 0, 0, 0, 1, 0, 0, 1, 0, 0, 0, 0, 0, 0, 0, 0, 0, 0, 0, 1, 1, 1, 0, 0, 0, 0, 1, 0, 1, 0, 0, 0, 0, 0, 0, 1, 0, 0, 0, 0, 1, 1, 1, 1, 0, 0, 0, 1, 0, 1, 1, 0, 0, 0, 0, 0, 1, 1, 0, 1, 0, 1, 0, 0, 0, 0, 0, 0, 1, 2, 1, 0, 1, 1, 1, 1, 0, 0, 0, 0, 0, 0, 0, 1, 0, 0, 1, 0, 0, 0, 1, 1, 1, 0, 0, 0, 0, 0, 0, 1, 1, 0, 0, 0, 0, 0, 1, 2, 0, 0, 0, 1, 0, 0, 1, 0, 0, 0, 0, 0, 0, 0, 1, 0, 0, 0, 0, 0, 1, 1, 0, 0, 0, 0, 1, 1, 1, 1, 0, 0, 1, 0, 0, 2, 1, 0, 0, 1, 0, 0, 1, 1, 2, 1, 0, 1, 0, 0, 1, 0, 0, 2, 1, 1, 0, 0, 0, 0, 0, 0, 0, 0, 0, 1, 2, 0, 0, 1, 0, 0, 0, 0, 0, 0, 0, 0, 0, 0, 0, 0, 0, 0, 0, 0, 1, 0, 0, 0, 0, 0, 0, 0, 0, 0, 1, 0, 0, 0, 0, 1, 0, 0, 0, 0, 1, 0, 1, 0, 0, 0, 1, 0, 0, 0, 0, 1, 1, 1, 1, 0, 0, 0, 0, 0, 0, 1, 0, 0, 0, 2, 2, 0, 0, 0, 0, 0, 1, 0, 1, 0, 1, 0, 0, 0, 0, 1, 1, 0, 1, 1, 0, 1, 0, 0, 0, 0, 2, 0, 0, 0, 1, 0, 1, 0, 0, 0, 0, 0, 0, 0, 0, 1, 0, 0, 0, 1, 0, 0, 0, 0, 0, 0, 0, 0, 0, 0, 0, 0, 0, 0, 1, 0, 0, 0, 0, 0, 0, 0, 0, 0, 0, 0, 0, 1, 0, 0, 0, 0, 0, 0, 0, 0, 0, 1, 0, 0, 1, 0, 0, 0, 0, 0, 1, 0, 0, 0, 0, 0, 0, 0, 1, 0, 0, 1, 1, 0, 1, 1, 0, 0, 0, 0, 0, 2, 0, 0, 0, 0, 0, 0, 1, 1, 0, 0, 0, 0, 1, 0, 1, 2, 1, 0, 0, 0, 1, 0, 1, 0, 0, 0, 0, 2, 1, 0, 0, 1, 0, 0, 1, 0, 0, 0, 1, 1, 0, 0, 1, 0, 1, 0, 0, 0, 0, 1, 0, 0, 1, 0, 1, 0, 1, 0, 0, 0, 0, 0, 0, 0, 0, 0, 0, 0, 0, 0, 0, 0, 0, 0, 0, 0, 0, 0, 1, 0, 0, 0, 0, 0, 0, 0, 0, 0, 0, 0, 0, 0, 0, 1, 1, 0, 0, 0, 1, 0, 1, 0, 0, 0, 0, 0, 1, 1, 1, 0, 1, 0, 1, 2, 0, 0, 0, 1, 0, 0, 0, 0, 1, 1, 1, 0, 1, 0, 1, 0, 0, 0, 0, 1, 0, 0, 0, 0, 0, 0, 0, 0, 1, 0, 1, 0, 1, 0, 0, 0, 0, 0, 0, 0, 0, 0, 1, 0, 0, 1, 0, 0, 0, 0, 0, 0, 0, 0, 0, 0, 0, 0, 0, 0, 0, 1, 0, 0, 0, 0, 1, 0, 0, 1, 0, 0, 0, 0, 1, 0, 0, 0, 0, 1, 0, 0, 0, 0, 1, 0, 0, 0, 0, 0, 0, 0, 0, 1, 0, 0, 0, 1, 2, 1, 1, 0, 0, 1, 0, 0, 0, 0, 0, 0, 0, 2, 1, 0, 0, 1, 0, 0, 0, 0, 0, 1, 0, 0, 0, 0, 0, 0, 0, 2, 0, 0, 0, 0, 0, 0, 2, 0, 0, 0, 0, 0, 0, 0, 0, 0, 0, 1, 0, 0, 0, 1, 1, 0, 0, 0, 0, 1, 0, 0, 1, 1, 0, 0, 1, 1, 0, 0, 1, 1, 0, 0, 0, 2], "pose": [[-0.9502369165420532, -0.1306123435497284, -0.2828253507614136, 0.1414126753807068], [-0.1306123435497284, 0.9912525415420532, -0.01894153468310833, 0.009470767341554165], [0.2828253507614136, 0.01894153468310833, -0.958984375, 0.4794921875], [0.0, 0.0, 0.0, 1.0]]}, {"hists": [1, 0, 1, 0, 2, 1, 0, 2, 1, 1, 0, 2, 2, 1, 2, 0, 2, 1, 0, 0, 1, 1, 2, 0, 0, 1, 1, 1, 2, 2, 1, 2, 0, 2, 2, 3, 1, 0, 0, 0, 1, 0, 1, 2, 0, 2, 2, 0, 1, 2, 0, 1, 1, 1, 2, 0, 1, 3, 0, 1, 2, 1, 3, 0, 3, 2, 2, 2, 2, 0, 3, 2, 0, 0, 1, 4, 1, 2, 2, 1, 4, 0, 1, 0, 1, 1, 3, 0, 2, 0, 2, 2, 1, 2, 0, 2, 4, 0, 3, 2, 1, 3, 0, 0, 2, 1, 0, 2, 0, 1, 2, 1, 0, 2, 0, 1, 2, 1, 0, 2, 2, 1, 0, 4, 0, 1, 1, 0, 2, 1, 0, 0, 2, 1, 3, 0, 3, 2, 0, 0, 1, 0, 1, 4, 1, 2, 1, 2, 2, 1, 2, 1, 1, 0, 1, 0, 0, 0, 0, 3, 2, 2, 3, 0, 1, 0, 2, 0, 0, 1, 1, 1, 1, 0, 2, 1, 3, 3, 0, 1, 1, 1, 2, 0, 0, 2, 4, 2, 2, 2, 1, 0, 1, 2, 3, 2, 0, 0, 0, 2, 1, 2, 3, 2, 2, 1, 1, 1, 4, 8, 16, 43, 56, 125, 135, 173, 220, 204, 189, 190, 181, 169, 147, 105, 112, 85, 76, 78, 54, 47, 36, 44, 49, 23, 37, 20, 22, 36, 16, 22, 13, 24, 16, 9, 17, 12, 8, 10, 9, 10, 7, 10, 1, 6, 5, 5, 4, 5, 1, 3, 3, 3, 0, 0, 3, 2, 1, 1, 1, 1, 2, 1, 1, 1, 1, 0, 1, 2, 0, 0, 0, 1, 1, 0, 0, 0, 0, 0, 1, 1, 0, 1, 3, 1, 3, 3, 0, 1, 0, 2, 4, 1, 4, 2, 4, 2, 2, 2, 3, 7, 6, 3, 4, 2, 0, 7, 1, 0, 3, 6, 2, 2, 2, 9, 5, 2, 5, 2, 1, 2, 0, 4, 1, 2, 0, 3, 7, 5, 3, 5, 2, 8, 4, 6, 5, 6, 5, 3, 8, 7, 3, 6, 7, 7, 11, 5, 5, 6, 4, 8, 3, 6, 0, 5, 4, 2, 3, 4, 2, 0, 1, 0, 1, 0, 0, 0, 2, 1, 0, 0, 1, 1, 2, 1, 0, 0, 1, 0, 1, 0, 1, 0, 1, 1, 1, 0, 1, 1, 0, 1, 1, 1, 0, 0, 1, 1, 0, 0, 0, 1, 0, 0, 0, 0, 0, 0, 0, 1, 0, 0, 0, 0, 1, 1, 0, 0, 1, 0, 0, 0, 2, 2, 0, 1, 1, 0, 2, 0, 1, 0, 1, 0, 1, 1, 1, 1, 0, 0, 0, 0, 0, 0, 1, 1, 0, 0, 0, 1, 1, 0, 0, 0, 0, 2, 0, 0, 0, 2, 0, 1, 0, 0, 1, 0, 0, 1, 0, 2, 0, 1, 1, 0, 0, 0, 0, 1, 1, 1, 2, 1, 1, 0, 0, 0, 2, 0, 0, 1, 0, 0, 0, 0, 0, 0, 0, 1, 1, 0, 0, 2, 0, 0, 1, 1, 0, 1, 0, 1, 0, 0, 0, 0, 0, 0, 0, 0, 0, 0, 0, 0, 0, 0, 0, 0, 0, 0, 1, 1, 0, 0, 0, 0, 0, 2, 1, 0, 0, 1, 1, 0, 0, 1, 0, 0, 0, 0, 1, 0, 0, 0, 0, 0, 0, 0, 0, 0, 0, 0, 0, 0, 0, 0, 1, 0, 0, 0, 0, 0, 0, 1, 0, 0, 0, 0, 0, 0, 0, 0, 0, 0, 0, 0, 0, 0, 0, 1, 0, 0, 0, 1, 0, 0, 1, 0, 0, 0, 0, 0, 0, 0, 0, 0, 0, 0, 0, 0, 0, 1, 0, 0, 1, 0, 0, 1, 0, 0, 0, 0, 1, 0, 0, 0, 0, 0, 1, 0, 0, 1, 0, 0, 0, 0, 1, 0, 0, 0, 0, 0, 2, 0, 0, 0, 0, 0, 0, 1, 1, 0, 0, 0, 0, 0, 0, 0, 0, 1, 1, 0, 1, 1, 0, 0, 0, 0, 0, 0, 0, 0, 0, 0, 0, 1, 0, 0, 0, 0, 0, 0, 0, 1, 1, 0, 0, 1, 0, 0, 1, 0, 0, 1, 0, 0, 0, 0, 0, 0, 0, 1, 0, 0, 1, 0, 1, 0, 0, 0, 0, 0, 0, 0, 0, 0, 1, 1, 0, 0, 2, 0, 1, 0, 0, 0, 0, 1, 0, 1, 0, 0, 2, 1, 0, 0, 0, 0, 0, 1, 2, 0, 0, 2, 1, 1, 1, 0, 0, 0, 0, 1, 0, 0, 0, 0, 0, 0, 0, 1, 1, 0, 1, 0, 0, 0, 0, 0, 0, 1, 1, 0, 0, 1, 1, 0, 1,