[{"hists": [0, 0, 2, 1, 2, 1, 1, 0, 0, 2, 2, 0, 1, 1, 1, 3, 1, 2, 1, 2, 1, 1, 4, 2, 1, 0, 0, 1, 0, 1, 0, 3, 2, 2, 0, 0, 0, 1, 2, 1, 2, 1, 1, 0, 1, 2, 1, 2, 1, 0, 3, 0, 0, 1, 3, 2, 1, 1, 1, 1, 2, 1, 3, 1, 3, 1, 2, 0, 0, 0, 2, 0, 0, 1, 0, 1, 2, 0, 0, 0, 3, 4, 0, 1, 3, 2, 1, 2, 1, 0, 0, 2, 1, 3, 2, 2, 3, 0, 2, 3, 1, 0, 2, 4, 1, 3, 2, 1, 3, 1, 3, 1, 1, 0, 2, 1, 1, 1, 1, 1, 4, 0, 3, 0, 3, 1, 3, 0, 2, 0, 1, 1, 3, 0, 1, 2, 1, 1, 0, 1, 0, 3, 0, 0, 0, 2, 2, 2, 2, 1, 1, 3, 2, 0, 0, 1, 2, 2, 2, 2, 0, 0, 0, 2, 0, 4, 0, 1, 0, 1, 0, 2, 2, 1, 1, 0, 1, 2, 0, 1, 1, 1, 0, 0, 0, 2, 0, 1, 1, 0, 0, 3, 1, 0, 1, 1, 1, 2, 2, 2, 4, 1, 2, 2, 1, 1, 1, 3, 0, 1, 1, 1, 2, 12, 27, 71, 129, 190, 305, 326, 422, 444, 420, 402, 295, 261, 195, 170, 128, 100, 83, 56, 46, 15, 23, 17, 18, 14, 13, 12, 13, 4, 4, 6, 5, 3, 5, 9, 5, 1, 0, 1, 2, 2, 2, 4, 0, 2, 0, 3, 0, 1, 1, 1, 3, 1, 1, 1, 0, 0, 1, 1, 1, 0, 1, 0, 0, 0, 0, 0, 0, 0, 0, 0, 0, 0, 0, 0, 0, 1, 0, 0, 1, 0, 0, 0, 0, 0, 0, 0, 0, 0, 0, 0, 0, 0, 0, 0, 0, 0, 0, 0, 0, 0, 0, 0, 0, 0, 0, 0, 0, 0, 0, 0, 0, 0, 0, 0, 0, 0, 0, 0, 0, 0, 0, 0, 0, 0, 1, 0, 0, 0, 1, 0, 0, 0, 0, 0, 0, 0, 0, 0, 0, 0, 0, 0, 0, 0, 1, 0, 0, 0, 0, 0, 0, 0, 0, 0, 0, 1, 0, 0, 0, 0, 0, 0, 0, 0, 1, 0, 0, 0, 0, 0, 0, 0, 0, 0, 0, 0, 0, 0, 0, 0, 0, 0, 0, 0, 0, 0, 0, 0, 0, 1, 0, 0, 0, 0, 0, 1, 1, 0, 1, 0, 0, 0, 0, 0, 0, 1, 0, 0, 0, 1, 0, 1, 0, 0, 0, 0, 0, 0, 0, 0, 0, 0, 0, 0, 0, 0, 0, 0, 0, 1, 0, 0, 0, 0, 0, 0, 1, 0, 0, 0, 0, 0, 0, 0, 0, 0, 0, 0, 0, 0, 0, 0, 0, 0, 0, 0, 0, 1, 0, 0, 0, 0, 0, 0, 0, 0, 0, 0, 0, 0, 1, 0, 0, 0, 1, 0, 0, 0, 0, 0, 0, 0, 0, 0, 0, 0, 1, 0, 0, 0, 0, 1, 0, 0, 0, 0, 1, 1, 0, 0, 0, 0, 0, 0, 0, 0, 0, 0, 0, 0, 0, 0, 1, 0, 0, 1, 0, 0, 0, 0, 0, 0, 0, 1, 0, 0, 0, 0, 0, 0, 0, 0, 0, 0, 0, 0, 0, 0, 0, 0, 0, 0, 0, 0, 0, 0, 0, 1, 0, 1, 0, 0, 0, 0, 0, 0, 0, 0, 1, 0, 1, 0, 0, 0, 0, 0, 0, 0, 1, 0, 0, 0, 2, 0, 0, 0, 0, 0, 0, 0, 0, 0, 0, 0, 0, 0, 0, 0, 0, 0, 0, 0, 0, 1, 0, 0, 0, 0, 0, 0, 0, 0, 0, 0, 0, 0, 0, 0, 0, 0, 0, 0, 0, 0, 0, 1, 0, 0, 0, 0, 0, 0, 0, 0, 0, 0, 0, 0, 0, 0, 0, 0, 0, 0, 0, 0, 0, 1, 0, 1, 0, 0, 1, 0, 0, 0, 0, 0, 0, 0, 0, 0, 0, 0, 0, 0, 0, 0, 0, 0, 0, 0, 0, 1, 0, 0, 0, 0, 1, 0, 1, 1, 0, 0, 0, 1, 0, 0, 0, 0, 1, 0, 0, 1, 0, 0, 0, 0, 0, 0, 0, 0, 0, 0, 0, 0, 0, 0, 0, 0, 0, 0, 0, 0, 0, 0, 0, 0, 0, 0, 0, 0, 0, 0, 1, 0, 1, 0, 0, 1, 0, 1, 0, 0, 0, 0, 1, 0, 0, 0, 0, 1, 0, 0, 0, 0, 0, 0, 1, 0, 0, 0, 1, 0, 0, 0, 0, 0, 0, 0, 0, 0, 0, 0, 0, 0, 0, 0, 0, 0, 1, 0, 1, 0, 0, 0, 0, 0, 0, 0, 0, 0, 0, 0, 0, 0, 0, 0, 0, 0, 0, 0, 0, 0, 1, 0, 0, 0, 0, 0, 0, 1, 0, 0, 0, 0, 0, 0, 0, 0, 0, 0, 0, 1, 0, 0, 0, 0, 0, 0, 0, 1, 1, 0, 0, 0, 0, 0, 1, 0, 0, 0, 1, 0, 0, 0, 0, 1, 0, 0, 0, 0, 0, 0, 0, 0, 0, 0, 1, 0, 0, 0, 0, 0, 0, 0, 0, 0, 0, 0, 0, 1, 0, 0, 0, 0, 0, 0, 0, 1, 0, 0, 1, 0, 0, 0, 0, 0, 0, 0, 0, 0, 0, 0, 0, 0, 1, 0, 0, 0, 0, 0, 0, 0, 0, 0, 0, 0, 0, 0, 0, 0, 0, 0, 0, 0, 0, 0, 0, 0, 1, 1, 1, 0, 1, 0, 0, 0, 0, 1, 0, 0, 0, 0, 0, 0, 0, 0, 0, 0, 0, 1, 0, 0, 0, 0, 0, 0, 0, 0, 1, 0, 1, 0, 0, 0, 0, 0, 0, 0, 2, 0, 0, 0, 0, 0, 1, 0, 0, 0, 0, 0, 0, 0, 0, 0, 0, 1, 0, 0, 0, 0, 0, 1, 0, 0, 0, 0, 0, 0, 1, 1, 1, 0, 0, 0, 0, 0, 0, 0, 0, 0, 0, 0, 0, 0, 0, 0, 0, 0, 0, 0, 0, 0, 0, 0, 0, 0, 0, 1, 0, 1, 0, 0, 0, 0, 0, 0, 0, 0], "pose": [[0.7376253604888916, -0.6748306155204773, -0.022637369111180305, 0.011318684555590153], [-0.6748306155204773, -0.7356722354888916, -0.058223575353622437, 0.029111787676811218], [0.022637369111180305, 0.058223575353622437, -0.998046875, 0.4990234375], [0.0, 0.0, 0.0, 1.0]]}, {"hists": [1, 1, 0, 0, 1, 0, 1, 1, 0, 0, 0, 1, 1, 1, 5, 6, 0, 1, 1, 4, 1, 1, 1, 1, 1, 2, 0, 4, 0, 3, 0, 0, 0, 3, 1, 1, 1, 1, 1, 0, 0, 1, 3, 2, 1, 2, 1, 2, 1, 0, 0, 0, 1, 2, 0, 2, 2, 0, 1, 2, 2, 1, 3, 1, 1, 2, 0, 0, 0, 0, 2, 1, 0, 1, 0, 0, 1, 2, 0, 1, 1, 1, 3, 3, 1, 0, 1, 4, 0, 2, 0, 0, 0, 1, 1, 0, 0, 0, 0, 1, 1, 2, 2, 1, 2, 1, 2, 0, 0, 2, 0, 1, 1, 1, 1, 2, 1, 1, 1, 1, 0, 0, 1, 2, 2, 1, 1, 0, 1, 2, 1, 1, 0, 1, 2, 0, 3, 0, 1, 2, 0, 2, 1, 1, 3, 1, 0, 0, 1, 1, 4, 1, 2, 0, 1, 0, 2, 1, 0, 0, 0, 0, 3, 1, 1, 1, 0, 0, 2, 2, 1, 1, 0, 2, 1, 0, 1, 1, 2, 2, 2, 5, 2, 1, 1, 0, 2, 0, 0, 0, 0, 0, 1, 1, 4, 0, 0, 2, 2, 1, 2, 0, 1, 1, 0, 0, 0, 3, 1, 0, 1, 11, 26, 39, 100, 186, 257, 381, 436, 413, 460, 358, 279, 286, 191, 166, 121, 101, 88, 96, 71, 40, 46, 39, 31, 30, 16, 23, 11, 9, 14, 8, 7, 1, 5, 4, 1, 2, 2, 2, 2, 1, 1, 1, 0, 1, 0, 1, 1, 0, 0, 1, 0, 1, 1, 0, 1, 1, 0, 0, 0, 1, 1, 1, 0, 0, 0, 0, 0, 0, 1, 1, 1, 0, 0, 0, 0, 0, 0, 0, 0, 1, 0, 1, 0, 0, 0, 0, 0, 0, 0, 1, 1, 0, 0, 0, 0, 0, 0, 0, 0, 0, 0, 0, 0, 0, 0, 0, 2, 0, 0, 0, 1, 0, 0, 0, 0, 0, 1, 0, 0, 0, 0, 0, 0, 0, 0, 0, 1, 0, 0, 0, 0, 0, 0, 0, 0, 0, 0, 0, 0, 0, 1, 0, 0, 0, 0, 0, 0, 0, 0, 0, 0, 0, 0, 0, 0, 0, 0, 0, 0, 0, 0, 0, 0, 0, 0, 0, 0, 0, 0, 0, 0, 0, 0, 1, 0, 0, 0, 0, 1, 0, 0, 0, 0, 0, 0, 0, 0, 0, 0, 0, 0, 0, 0, 0, 0, 0, 1, 0, 0, 0, 0, 0, 0, 0, 0, 0, 0, 0, 1, 0, 2, 0, 0, 0, 0, 0, 0, 0, 0, 0, 0, 0, 0, 0, 0, 0, 0, 0, 0, 0, 0, 0, 0, 0, 1, 0, 0, 0, 0, 0, 0, 1, 0, 0, 0, 0, 1, 0, 0, 0, 0, 0, 0, 0, 0, 0, 0, 0, 0, 0, 0, 0, 0, 0, 0, 0, 0, 0, 0, 0, 0, 0, 0, 0, 0, 0, 0, 0, 0, 0, 0, 0, 0, 0, 0, 0, 0, 0, 1, 1, 0, 0, 0, 0, 0, 0, 0, 1, 0, 0, 0, 0, 0, 0, 0, 0, 0, 0, 0, 1, 0, 0, 1, 0, 0, 1, 0, 0, 0, 0, 0, 0, 0, 0, 0, 0, 0, 1, 0, 0, 0, 0, 0, 1, 0, 0, 0, 0, 0, 0, 1, 0, 0, 0, 0, 0, 0, 0, 0, 0, 0, 0, 0, 0, 0, 0, 0, 0, 1, 0, 0, 1, 1, 0, 0, 0, 1, 0, 0, 0, 0, 0, 0, 0, 0, 0, 0, 0, 0, 0, 1, 0, 0, 0, 0, 0, 1, 1, 0, 0, 1, 1, 0, 0, 0, 1, 1, 0, 1, 0, 1, 0, 1, 0, 0, 0, 0, 0, 0, 0, 0, 1, 0, 0, 0, 0, 0, 0, 0, 0, 0, 0, 0, 0, 0, 0, 0, 0, 0, 1, 1, 0, 0, 0, 0, 0, 0, 0, 0, 0, 0, 0, 0, 0, 0, 1, 0, 0, 0, 0, 0, 0, 0, 0, 0, 0, 0, 0, 0, 0, 0, 0, 0, 0, 0, 0, 0, 0, 0, 0, 0, 0, 0, 0, 0, 0, 0, 0, 0, 0, 0, 0, 0, 0, 0, 0, 0, 0, 1, 0, 0, 0, 0, 0, 0, 0, 0, 0, 0, 0, 0, 1, 0, 0, 0, 0, 0, 0, 0, 1, 1, 0, 0, 1, 0, 0, 0, 2, 1, 0, 0, 0, 0, 0, 0, 0, 1, 0, 0, 0, 0, 0, 0, 0, 0, 0, 1, 0, 0, 0, 0, 0, 0, 0, 1, 1, 0, 0, 0, 0, 0, 0, 0, 0, 0, 0, 0, 0, 0, 0, 0, 0, 0, 0, 0, 0, 1, 0, 0, 0, 0, 0, 0, 0, 0, 0, 0, 0, 0, 0, 0, 0, 0, 0, 0, 1, 0, 0, 0, 0, 0, 0, 0, 0, 0, 0, 0, 0, 0, 0, 0, 0, 0, 0, 0, 0, 0, 0, 2, 0, 0, 0, 0, 1, 0, 0, 0, 0, 0, 0, 1, 0, 0, 0, 0, 0, 0, 0, 0, 2, 0, 0, 0, 0, 1, 0, 0, 0, 0, 0, 0, 0, 0, 0, 0, 0, 0, 0, 0, 0, 0, 0, 0, 0, 0, 0, 0, 0, 0, 0, 1, 0, 0, 0, 0, 0, 0, 0, 0, 0, 0, 0, 0, 0, 0, 1, 0, 0, 0, 0, 0, 0, 0, 0, 0, 0, 0, 0, 0, 0, 0, 1, 0, 0, 0, 0, 0, 0, 0, 0, 0, 0, 0, 0, 0, 0, 0, 0, 0, 0, 0, 0, 0, 0, 0, 0, 0, 0, 0, 0, 0, 0, 0, 0, 0, 0, 0, 0, 0, 0, 0, 0, 0, 1, 0, 0, 0, 0, 0, 0, 0, 1, 0, 0, 0, 0, 0, 0, 0, 1, 0, 0, 0, 0, 0, 0, 0, 0, 0, 1, 0, 0, 0, 0, 0, 0, 0, 0, 0, 0, 0, 0, 0, 0, 0, 0, 0, 0, 0, 0, 0, 0, 0, 0, 0, 0, 0, 0, 0, 0, 1, 0, 0, 0, 0, 0, 0, 0, 0, 0, 0, 0, 0, 0, 0, 0, 0, 0, 0, 0, 0, 1], "pose": [[-0.6037266254425049, -0.7912757396697998, 0.09693727642297745, -0.048468638211488724], [-0.7912757396697998, 0.6095860004425049, 0.04782867431640625, -0.023914337158203125], [-0.09693727642297745, -0.04782867431640625, -0.994140625, 0.4970703125], [0.0, 0.0, 0.0, 1.0]]}, {"hists": [2, 1, 0, 0, 3, 2, 3, 1, 0, 0, 0, 3, 4, 0, 1, 2, 1, 0, 2, 2, 1, 0, 0, 1, 0, 1, 0, 3, 1, 2, 0, 1, 0, 0, 0, 1, 2, 1, 0, 0, 2, 0, 1, 1, 1, 1, 1, 2, 0, 1, 3, 2, 0, 2, 1, 2, 2, 0, 2, 3, 2, 2, 0, 1, 1, 2, 2, 0, 3, 0, 1, 1, 1, 1, 2, 2, 0, 1, 1, 0, 2, 1, 0, 3, 1, 0, 0, 1, 0, 1, 1, 0, 2, 0, 1, 2, 2, 2, 0, 2, 2, 2, 1, 1, 0, 0, 2, 2, 2, 1, 0, 2, 1, 1, 2, 0, 1, 1, 0, 1, 0, 0, 2, 1, 0, 1, 0, 1, 2, 2, 2, 1, 1, 0, 1, 3, 0, 1, 1, 2, 0, 1, 3, 1, 1, 1, 4, 2, 3, 0, 0, 0, 2, 0, 2, 0, 3, 0, 0, 1, 2, 1, 0, 1, 0, 3, 3, 1, 0, 1, 1, 0, 1, 2, 1, 1, 1, 0, 0, 1, 3, 0, 1, 1, 3, 0, 0, 1, 2, 1, 0, 1, 0, 2, 1, 1, 2, 0, 1, 2, 0, 2, 2, 0, 1, 3, 2, 1, 0, 3, 14, 33, 79, 170, 248, 323, 392, 432, 412, 401, 327, 242, 208, 182, 154, 105, 111, 94, 70, 65, 41, 46, 48, 27, 23, 20, 14, 12, 16, 18, 8, 5, 6, 3, 6, 3, 2, 4, 2, 5, 5, 2, 2, 2, 2, 0, 2, 2, 1, 1, 1, 2, 2, 1, 1, 0, 0, 0, 0, 0, 0, 0, 0, 0, 0, 0, 0, 0, 0, 0, 0, 0, 0, 0, 1, 0, 0, 0, 0, 0, 0, 0, 1, 0, 0, 0, 1, 0, 0, 0, 1, 0, 1, 0, 0, 0, 0, 0, 0, 0, 0, 0, 0, 0, 0, 0, 0, 0, 0, 1, 0, 0, 0, 0, 0, 0, 0, 1, 0, 1, 0, 0, 0, 1, 0, 0, 0, 2, 0, 0, 0, 0, 0, 0, 0, 0, 0, 0, 0, 0, 0, 0, 1, 0, 0, 0, 0, 0, 0, 0, 0, 1, 0, 0, 0, 0, 0, 0, 0, 1, 0, 0, 0, 0, 0, 0, 0, 0, 0, 0, 0, 0, 0, 0, 0, 0, 0, 0, 0, 0, 0, 0, 0, 0, 0, 0, 0, 0, 0, 0, 1, 0, 0, 0, 0, 0, 0, 0, 0, 0, 1, 1, 0, 0, 1, 1, 0, 0, 0, 0, 0, 1, 0, 0, 0, 0, 0, 0, 0, 0, 0, 0, 1, 0, 0, 0, 0, 0, 0, 0, 0, 0, 0, 0, 0, 0, 0, 1, 0, 0, 1, 0, 0, 0, 0, 0, 0, 0, 0, 0, 0, 0, 0, 0, 0, 1, 0, 1, 0, 0, 0, 0, 0, 0, 0, 0, 0, 0, 0, 0, 0, 0, 1, 0, 0, 0, 0, 1, 0, 0, 0, 0, 0, 0, 0, 0, 0, 0, 0, 0, 0, 0, 0, 0, 0, 1, 0, 0, 0, 0, 1, 0, 0, 0, 0, 0, 0, 0, 0, 0, 0, 0, 0, 0, 0, 0, 1, 0, 0, 0, 0, 0, 0, 0, 0, 1, 1, 0, 1, 0, 0, 0, 0, 1, 1, 0, 0, 0, 0, 0, 0, 0, 0, 0, 1, 0, 0, 0, 0, 0, 0, 0, 0, 0, 1, 0, 0, 0, 0, 0, 0, 0, 0, 0, 0, 0, 0, 1, 0, 0, 0, 0, 0, 0, 0, 0, 0, 0, 0, 0, 0, 0, 0, 0, 0, 0, 0, 0, 0, 0, 0, 0, 0, 0, 0, 0, 0, 0, 0, 0, 0, 0, 0, 0, 0, 0, 0, 0, 0, 0, 0, 0, 0, 0, 0, 0, 0, 0, 0, 0, 0, 0, 0, 0, 0, 0, 0, 0, 1, 0, 0, 0, 0, 0, 2, 0, 0, 0, 0, 0, 0, 0, 0, 0, 0, 0, 0, 0, 0, 0, 0, 0, 0, 0, 0, 0, 0, 0, 0, 0, 0, 0, 0, 0, 0, 0, 0, 0, 0, 0, 0, 0, 0, 0, 0, 0, 0, 1, 0, 0, 0, 0, 0, 0, 0, 0, 0, 0, 0, 0, 0, 0, 1, 0, 0, 0, 0, 0, 0, 0, 1, 0, 0, 0, 0, 1, 0, 1, 0, 0, 0, 0, 0, 0, 0, 0, 0, 0, 0, 0, 0, 0, 0, 0, 0, 0, 0, 0, 1, 0, 0, 0, 0, 0, 1, 0, 0, 0, 0, 0, 1, 0, 0, 0, 0, 1, 0, 0, 0, 0, 0, 0, 0, 0, 0, 0, 0, 0, 0, 1, 0, 0, 0, 0, 0, 0, 0, 0, 0, 0, 0, 0, 0, 0, 0, 0, 1, 0, 0, 0, 0, 1, 0, 0, 0, 0, 0, 0, 0, 0, 0, 0, 0, 0, 0, 0, 1, 0, 0, 0, 1, 0, 0, 0, 1, 0, 0, 0, 0, 0, 0, 0, 0, 0, 0, 1, 1, 0, 0, 0, 0, 0, 0, 0, 0, 1, 0, 0, 1, 0, 0, 0, 0, 0, 0, 0, 0, 0, 0, 0, 0, 0, 0, 0, 1, 0, 0, 0, 0, 0, 0, 0, 1, 0, 0, 0, 0, 0, 0, 0, 0, 0, 0, 0, 0, 0, 0, 0, 0, 1, 0, 0, 0, 0, 0, 0, 0, 0, 0, 0, 0, 0, 0, 0, 0, 0, 0, 0, 0, 0, 0, 0, 0, 0, 0, 1, 0, 0, 0, 0, 0, 0, 1, 0, 0, 0, 0, 0, 0, 0, 0, 0, 0, 0, 0, 0, 0, 0, 0, 0, 0, 0, 0, 0, 0, 0, 0, 0, 0, 0, 0, 0, 0, 0, 0, 0, 0, 0, 0, 0, 0, 0, 0, 0, 0, 0, 0, 0, 1, 0, 0, 0, 1, 0, 0, 0, 0, 0, 0, 0, 0, 0, 0, 0, 0, 0, 1, 0, 0, 1, 0, 0, 0, 0, 0, 0, 0, 0, 0, 1, 0, 0, 0, 0, 0, 0, 0, 0, 0, 0, 0, 0, 0, 0, 0, 0, 0, 0, 0, 0, 0, 0, 0, 0, 0, 0, 0, 0, 0, 0, 0, 0, 0, 0], "pose": [[-0.8347525596618652, 0.5341073274612427, -0.13385628163814545, 0.06692814081907272], [0.5341073274612427, 0.8445181846618652, 0.038966353982686996, -0.019483176991343498], [0.13385628163814545, -0.038966353982686996, -0.990234375, 0.4951171875], [0.0, 0.0, 0.0, 1.0]]}, {"hists": [0, 1, 0, 2, 0, 0, 2, 1, 3, 2, 0, 1, 0, 2, 1, 0, 0, 1, 0, 3, 2, 0, 0, 0, 3, 1, 1, 1, 0, 2, 0, 1, 1, 1, 1, 1, 1, 0, 3, 1, 2, 0, 1, 0, 0, 0, 2, 1, 2, 2, 1, 1, 2, 1, 2, 0, 1, 1, 1, 3, 1, 1, 1, 1, 2, 3, 4, 1, 3, 1, 3, 1, 3, 1, 2, 0, 1, 4, 1, 4, 3, 3, 1, 1, 0, 3, 3, 1, 2, 2, 1, 2, 2, 0, 0, 0, 2, 1, 0, 1, 2, 0, 2, 2, 1, 1, 1, 1, 1, 1, 3, 3, 1, 0, 2, 1, 0, 2, 0, 2, 3, 0, 3, 1, 0, 0, 0, 1, 2, 2, 2, 0, 2, 1, 2, 0, 3, 1, 1, 1, 1, 2, 2, 1, 1, 2, 0, 1, 1, 2, 2, 2, 1, 1, 0, 0, 1, 0, 1, 0, 0, 4, 0, 2, 4, 1, 2, 3, 2, 2, 3, 0, 0, 0, 0, 1, 0, 2, 1, 1, 1, 2, 1, 2, 2, 1, 0, 1, 1, 5, 2, 1, 1, 1, 2, 0, 1, 1, 2, 3, 1, 0, 0, 0, 0, 3, 2, 2, 1, 2, 7, 12, 25, 56, 96, 178, 247, 287, 372, 347, 332, 309, 297, 251, 238, 180, 149, 124, 109, 100, 77, 65, 50, 53, 31, 27, 24, 23, 14, 10, 13, 9, 9, 10, 1, 2, 4, 4, 6, 2, 0, 2, 3, 3, 2, 0, 0, 2, 2, 1, 2, 2, 1, 1, 1, 0, 0, 0, 1, 2, 1, 0, 0, 1, 1, 0, 0, 0, 1, 0, 0, 1, 1, 0, 1, 1, 0, 0, 0, 0, 0, 0, 0, 0, 0, 0, 0, 1, 0, 0, 0, 0, 1, 0, 0, 0, 1, 0, 0, 0, 0, 0, 0, 0, 0, 0, 0, 0, 0, 0, 0, 1, 1, 0, 0, 0, 0, 0, 0, 0, 0, 0, 0, 0, 0, 0, 0, 0, 0, 0, 0, 0, 0, 0, 0, 0, 0, 0, 0, 0, 0, 0, 0, 0, 0, 0, 0, 0, 0, 1, 0, 0, 0, 0, 2, 0, 0, 1, 1, 0, 0, 0, 0, 0, 0, 0, 0, 0, 0, 0, 0, 0, 0, 0, 0, 0, 0, 0, 1, 0, 0, 0, 0, 0, 0, 0, 1, 0, 0, 0, 0, 0, 1, 0, 0, 0, 0, 0, 0, 0, 0, 0, 0, 0, 0, 0, 1, 0, 0, 0, 0, 0, 0, 0, 0, 0, 0, 0, 1, 0, 0, 0, 1, 0, 0, 0, 0, 0, 0, 0, 0, 0, 1, 0, 1, 0, 0, 0, 1, 0, 0, 0, 0, 0, 0, 0, 0, 0, 0, 1, 0, 0, 0, 0, 1, 0, 0, 0, 0, 0, 0, 0, 0, 0, 0, 0, 0, 0, 0, 0, 0, 0, 0, 0, 0, 0, 0, 0, 0, 0, 1, 0, 0, 0, 0, 0, 1, 0, 0, 1, 0, 0, 0, 0, 0, 0, 0, 0, 0, 0, 0, 0, 1, 0, 0, 0, 0, 0, 0, 0, 0, 0, 0, 0, 0, 1, 0, 0, 0, 1, 0, 0, 0, 0, 0, 0, 0, 0, 0, 0, 0, 0, 0, 0, 0, 0, 0, 0, 0, 0, 0, 0, 0, 0, 1, 0, 0, 0, 0, 0, 0, 1, 0, 1, 0, 0, 0, 0, 0, 0, 0, 0, 0, 0, 0, 0, 0, 0, 0, 0, 0, 0, 0, 0, 0, 0, 0, 0, 0, 0, 0, 0, 0, 0, 0, 1, 1, 1, 0, 0, 0, 0, 0, 0, 0, 0, 0, 0, 0, 0, 0, 1, 0, 0, 1, 0, 0, 0, 1, 0, 0, 0, 0, 0, 1, 1, 0, 1, 0, 0, 2, 0, 0, 0, 0, 0, 0, 0, 0, 0, 0, 0, 0, 0, 0, 0, 0, 0, 0, 0, 0, 0, 0, 1, 0, 0, 0, 0, 0, 1, 0, 0, 0, 0, 0, 0, 1, 0, 0, 0, 0, 0, 0, 0, 0, 0, 0, 0, 0, 0, 0, 0, 0, 0, 1, 0, 0, 0, 0, 1, 0, 0, 0, 0, 0, 0, 0, 0, 0, 0, 0, 0, 0, 0, 0, 0, 0, 0, 0, 0, 0, 0, 0, 0, 0, 1, 0, 0, 0, 0, 0, 0, 0, 0, 0, 1, 0, 0, 0, 0, 1, 1, 0, 0, 0, 0, 0, 0, 0, 0, 0, 0, 0, 0, 0, 0, 0, 0, 0, 0, 1, 0, 0, 0, 0, 0, 0, 0, 0, 0, 0, 0, 0, 1, 0, 0, 0, 0, 0, 0, 0, 0, 0, 0, 0, 0, 0, 0, 0, 0, 0, 0, 0, 0, 0, 0, 0, 0, 1, 0, 0, 0, 0, 1, 0, 0, 0, 0, 0, 0, 0, 0, 0, 1, 0, 1, 0, 0, 0, 1, 0, 0, 0, 1, 0, 0, 0, 0, 1, 0, 0, 1, 0, 1, 1, 0, 0, 0, 0, 0, 0, 0, 0, 0, 0, 0, 0, 0, 0, 0, 0, 0, 0, 0, 0, 1, 0, 0, 0, 0, 1, 0, 0, 0, 0, 0, 0, 0, 0, 0, 0, 0, 0, 0, 0, 0, 0, 0, 0, 0, 0, 0, 0, 0, 0, 0, 1, 1, 0, 0, 0, 0, 0, 0, 0, 0, 2, 0, 0, 0, 0, 0, 0, 0, 0, 1, 0, 0, 0, 2, 0, 1, 1, 0, 0, 0, 0, 0, 1, 0, 0, 0, 0, 0, 0, 1, 1, 0, 0, 0, 0, 0, 0, 0, 0, 0, 1, 0, 0, 0, 0, 0, 0, 0, 0, 0, 1, 0, 0, 0, 0, 0, 0, 0, 0, 0, 0, 0, 0, 0, 0, 0, 0, 0, 1, 0, 0, 0, 0, 0, 0, 0, 0, 1, 0, 0, 0, 0, 1, 0, 0, 0, 0, 0, 0, 0, 0, 0, 0, 0, 1, 0, 0, 0, 1, 0, 0, 0, 0, 0, 0, 0, 0, 0, 0, 0, 0, 0, 0, 0, 0, 0, 0, 0, 0, 0, 0, 0, 0, 0, 0, 0, 0, 0, 0, 0, 0, 0, 0, 0, 0, 0, 0, 0], "pose": [[0.46459224820137024, 0.8813818693161011, 0.08555716276168823, -0.042778581380844116], [0.8813818693161011, -0.45092037320137024, -0.14084318280220032, 0.07042159140110016], [-0.08555716276168823, 0.14084318280220032, -0.986328125, 0.4931640625], [0.0, 0.0, 0.0, 1.0]]}, {"hists": [0, 2, 2, 1, 1, 1, 0, 2, 2, 4, 1, 0, 1, 1, 2, 1, 4, 1, 0, 2, 1, 1, 2, 1, 2, 1, 2, 4, 1, 2, 0, 2, 1, 2, 1, 0, 0, 0, 2, 1, 3, 2, 2, 2, 0, 2, 0, 4, 0, 1, 0, 1, 1, 1, 2, 0, 0, 2, 0, 2, 1, 0, 1, 1, 0, 0, 1, 1, 3, 0, 1, 1, 2, 2, 0, 0, 2, 2, 2, 0, 1, 2, 2, 3, 3, 2, 3, 1, 0, 0, 0, 1, 1, 4, 1, 2, 3, 3, 3, 0, 0, 1, 1, 0, 0, 0, 1, 1, 1, 2, 0, 0, 1, 0, 0, 1, 1, 3, 2, 2, 1, 0, 0, 2, 1, 1, 3, 2, 0, 1, 1, 2, 1, 0, 3, 2, 0, 1, 1, 2, 0, 3, 1, 1, 1, 1, 1, 0, 0, 0, 0, 2, 1, 1, 1, 0, 2, 0, 1, 0, 0, 0, 1, 1, 2, 1, 1, 1, 2, 0, 2, 5, 0, 2, 1, 0, 2, 0, 0, 0, 3, 1, 2, 0, 0, 3, 1, 0, 2, 1, 2, 1, 1, 2, 1, 0, 4, 2, 2, 1, 1, 1, 0, 3, 0, 1, 0, 2, 2, 0, 2, 6, 9, 31, 43, 103, 143, 194, 281, 337, 340, 327, 340, 282, 256, 234, 177, 173, 133, 111, 73, 81, 76, 67, 47, 39, 22, 16, 15, 21, 8, 9, 7, 8, 4, 3, 4, 7, 9, 4, 5, 0, 5, 7, 2, 0, 4, 2, 3, 1, 1, 2, 0, 0, 0, 1, 1, 1, 1, 2, 0, 0, 1, 2, 1, 0, 1, 0, 0, 0, 0, 1, 0, 0, 0, 1, 0, 0, 1, 0, 2, 0, 1, 1, 0, 1, 0, 1, 0, 0, 0, 0, 0, 1, 1, 2, 1, 1, 0, 0, 0, 3, 1, 0, 0, 0, 0, 1, 0, 1, 2, 0, 0, 2, 0, 0, 0, 0, 0, 1, 0, 0, 0, 0, 0, 0, 2, 0, 0, 1, 0, 0, 0, 0, 0, 0, 0, 0, 0, 0, 0, 0, 2, 0, 0, 0, 1, 0, 0, 0, 0, 0, 0, 0, 0, 0, 0, 0, 0, 0, 0, 0, 0, 1, 0, 0, 0, 1, 0, 0, 0, 1, 0, 0, 1, 0, 0, 0, 0, 0, 0, 0, 0, 0, 1, 0, 0, 0, 0, 1, 1, 1, 1, 0, 0, 0, 0, 0, 0, 0, 0, 0, 1, 0, 0, 0, 1, 0, 0, 0, 0, 0, 0, 0, 0, 1, 0, 0, 0, 1, 0, 0, 0, 0, 0, 0, 0, 0, 0, 0, 0, 1, 1, 0, 0, 0, 0, 0, 0, 0, 0, 0, 0, 0, 0, 1, 0, 0, 0, 1, 0, 0, 0, 0, 0, 0, 1, 0, 1, 0, 1, 0, 0, 0, 0, 0, 0, 1, 1, 0, 0, 1, 0, 0, 0, 1, 0, 0, 0, 0, 2, 0, 0, 0, 0, 0, 0, 0, 0, 0, 0, 0, 0, 0, 0, 0, 0, 0, 1, 1, 0, 0, 0, 0, 0, 0, 0, 0, 0, 0, 0, 0, 0, 0, 0, 0, 0, 0, 0, 0, 0, 1, 0, 0, 0, 0, 1, 0, 0, 0, 0, 0, 0, 0, 0, 0, 0, 0, 0, 0, 0, 0, 0, 0, 0, 0, 1, 1, 0, 0, 0, 1, 0, 0, 0, 1, 0, 0, 0, 0, 0, 0, 0, 0, 0, 1, 0, 0, 0, 0, 0, 0, 1, 0, 0, 0, 0, 0, 0, 1, 0, 0, 0, 0, 0, 0, 0, 0, 0, 0, 0, 0, 0, 0, 1, 0, 0, 0, 0, 0, 0, 0, 0, 0, 0, 0, 0, 0, 0, 0, 0, 0, 0, 0, 0, 0, 1, 0, 0, 0, 0, 0, 0, 0, 0, 1, 0, 0, 0, 0, 0, 0, 0, 0, 0, 2, 0, 0, 1, 0, 0, 0, 0, 0, 0, 0, 0, 0, 1, 0, 0, 0, 1, 0, 0, 0, 1, 0, 0, 0, 0, 0, 0, 1, 0, 0, 0, 0, 0, 0, 0, 0, 1, 0, 1, 0, 0, 0, 0, 0, 0, 2, 0, 0, 1, 0, 0, 0, 0, 0, 0, 0, 0, 0, 0, 0, 1, 1, 0, 0, 0, 1, 0, 0, 0, 0, 0, 0, 0, 0, 0, 0, 0, 0, 0, 1, 0, 0, 0, 0, 0, 1, 0, 0, 0, 0, 0, 0, 1, 0, 0, 2, 0, 1, 0, 0, 0, 0, 0, 0, 0, 1, 0, 1, 0, 0, 0, 0, 0, 0, 0, 0, 1, 0, 0, 0, 0, 1, 1, 0, 0, 0, 0, 0, 0, 0, 0, 0, 0, 0, 1, 0, 0, 0, 0, 0, 0, 0, 0, 1, 0, 0, 0, 0, 0, 0, 0, 0, 0, 0, 0, 0, 0, 0, 0, 0, 0, 0, 0, 0, 0, 0, 0, 0, 0, 0, 0, 0, 0, 0, 0, 0, 0, 1, 0, 0, 0, 0, 0, 0, 1, 0, 0, 0, 0, 0, 0, 0, 0, 0, 1, 0, 0, 0, 0, 0, 0, 0, 0, 0, 0, 1, 0, 0, 0, 0, 1, 0, 0, 0, 0, 0, 0, 0, 0, 1, 0, 0, 0, 1, 0, 0, 0, 0, 0, 0, 0, 0, 0, 0, 0, 0, 0, 1, 1, 0, 0, 0, 0, 0, 1, 0, 1, 0, 0, 0, 0, 0, 0, 1, 0, 0, 0, 0, 0, 0, 0, 0, 0, 0, 0, 2, 0, 0, 1, 1, 0, 0, 1, 0, 0, 0, 0, 1, 0, 0, 0, 0, 1, 0, 0, 1, 1, 0, 2, 0, 0, 0, 0, 0, 1, 0, 0, 0, 0, 0, 0, 0, 0, 0, 0, 0, 0, 1, 0, 0, 0, 1, 0, 0, 0, 0, 0, 0, 1, 0, 0, 0, 0, 1, 0, 0, 0, 1, 1, 0, 0, 0, 0, 0, 0, 0, 0, 0, 0, 1, 0, 1, 0, 0, 0, 0, 0, 0, 0, 0, 0, 0, 0, 0, 0, 0, 0, 0, 1, 0, 0, 0, 0, 0, 0, 0, 1, 0, 0, 0, 0, 0, 0, 0, 1, 0, 0, 0], "pose": [[0.9250105023384094, -0.3782028555870056, 0.036306679248809814, -0.018153339624404907], [-0.3782028555870056, -0.9074323773384094, 0.18310949206352234, -0.09155474603176117], [-0.036306679248809814, -0.18310949206352234, -0.982421875, 0.4912109375], [0.0, 0.0, 0.0, 1.0]]}, {"hists": [0, 1, 0, 0, 1, 0, 0, 2, 0, 2, 0, 1, 0, 0, 0, 3, 1, 1, 1, 0, 1, 1, 2, 1, 0, 0, 1, 1, 2, 1, 2, 1, 0, 1, 0, 0, 1, 1, 0, 4, 2, 1, 1, 0, 2, 0, 1, 4, 2, 3, 4, 1, 1, 2, 0, 0, 1, 0, 1, 0, 1, 3, 0, 1, 1, 1, 1, 0, 0, 0, 2, 0, 0, 1, 0, 0, 0, 0, 1, 4, 2, 2, 0, 1, 0, 1, 2, 1, 2, 1, 0, 0, 1, 2, 0, 2, 1, 3, 0, 3, 2, 0, 3, 3, 3, 3, 1, 1, 1, 1, 2, 0, 1, 0, 0, 2, 3, 1, 4, 1, 4, 1, 1, 1, 0, 0, 1, 1, 2, 1, 1, 1, 1, 2, 1, 2, 2, 1, 2, 1, 1, 0, 1, 3, 1, 3, 1, 2, 0, 1, 2, 0, 0, 0, 0, 1, 1, 1, 2, 0, 0, 0, 2, 2, 1, 0, 0, 0, 3, 1, 0, 1, 1, 4, 1, 1, 3, 1, 1, 1, 2, 5, 1, 0, 0, 1, 2, 2, 1, 0, 4, 0, 2, 1, 1, 0, 0, 0, 3, 2, 0, 2, 2, 4, 2, 1, 4, 11, 26, 57, 102, 160, 233, 275, 312, 327, 359, 270, 281, 244, 228, 180, 144, 118, 114, 97, 81, 78, 84, 60, 59, 50, 50, 44, 30, 34, 17, 20, 13, 9, 9, 8, 8, 6, 4, 5, 4, 0, 3, 3, 2, 0, 3, 0, 1, 1, 1, 0, 0, 1, 1, 1, 1, 2, 2, 0, 1, 1, 2, 0, 2, 1, 1, 1, 0, 0, 0, 1, 0, 2, 0, 0, 0, 1, 0, 0, 0, 3, 0, 0, 0, 0, 0, 0, 0, 0, 0, 0, 0, 1, 0, 0, 0, 0, 0, 0, 0, 0, 0, 0, 1, 0, 0, 1, 0, 0, 0, 1, 0, 0, 1, 0, 1, 1, 0, 1, 0, 1, 0, 0, 0, 0, 0, 0, 0, 0, 0, 0, 0, 0, 0, 0, 0, 1, 0, 0, 0, 0, 0, 0, 0, 0, 0, 0, 0, 2, 0, 0, 0, 0, 0, 0, 0, 0, 0, 1, 0, 0, 0, 0, 0, 0, 0, 0, 0, 0, 0, 1, 0, 0, 0, 0, 0, 0, 0, 1, 0, 0, 0, 0, 0, 0, 1, 0, 0, 0, 0, 0, 0, 0, 0, 0, 0, 0, 0, 1, 0, 0, 0, 0, 0, 0, 0, 0, 1, 0, 0, 0, 0, 0, 0, 0, 0, 0, 0, 0, 0, 1, 0, 0, 0, 0, 0, 0, 1, 0, 0, 1, 0, 0, 0, 0, 0, 0, 0, 0, 0, 0, 0, 0, 0, 0, 0, 0, 0, 0, 0, 0, 0, 0, 0, 1, 0, 0, 0, 1, 0, 0, 0, 0, 0, 2, 0, 0, 0, 0, 0, 0, 0, 0, 0, 0, 0, 0, 0, 0, 0, 0, 1, 0, 0, 0, 0, 0, 0, 0, 0, 0, 0, 0, 0, 1, 0, 0, 0, 0, 0, 0, 0, 0, 0, 1, 1, 0, 0, 1, 0, 0, 0, 0, 0, 1, 0, 0, 0, 0, 0, 0, 0, 0, 0, 0, 0, 0, 0, 0, 0, 0, 0, 0, 0, 1, 1, 0, 0, 0, 0, 0, 0, 0, 0, 0, 0, 0, 0, 0, 0, 1, 0, 0, 0, 0, 0, 0, 0, 0, 1, 0, 0, 0, 0, 0, 0, 1, 1, 0, 0, 0, 0, 0, 1, 0, 0, 0, 0, 0, 0, 0, 0, 0, 1, 0, 0, 0, 0, 0, 0, 0, 0, 0, 0, 0, 0, 0, 0, 0, 0, 0, 0, 1, 0, 0, 0, 0, 0, 0, 0, 0, 1, 0, 0, 0, 0, 0, 0, 1, 0, 0, 0, 1, 0, 1, 0, 0, 0, 0, 1, 0, 0, 0, 0, 0, 0, 0, 1, 0, 0, 0, 0, 0, 0, 1, 0, 0, 0, 0, 0, 0, 0, 0, 0, 0, 0, 1, 0, 0, 0, 0, 0, 0, 0, 1, 0, 0, 0, 0, 0, 0, 0, 0, 0, 0, 0, 0, 0, 1, 0, 0, 0, 0, 0, 0, 0, 0, 1, 0, 0, 0, 0, 0, 0, 0, 1, 0, 0, 0, 0, 0, 0, 0, 0, 0, 0, 0, 0, 0, 0, 0, 0, 0, 0, 0, 0, 0, 0, 0, 0, 0, 0, 0, 0, 0, 0, 0, 0, 0, 0, 0, 0, 0, 1, 0, 0, 0, 0, 0, 0, 1, 0, 0, 0, 0, 0, 1, 0, 0, 0, 0, 0, 0, 0, 0, 0, 0, 0, 0, 0, 1, 0, 0, 0, 0, 0, 0, 0, 0, 0, 0, 0, 0, 0, 0, 0, 0, 0, 0, 1, 0, 0, 0, 0, 1, 0, 0, 0, 0, 0, 0, 0, 0, 0, 0, 1, 1, 0, 0, 0, 0, 0, 0, 0, 0, 0, 0, 0, 0, 0, 0, 0, 0, 0, 0, 1, 0, 0, 0, 0, 0, 1, 0, 0, 0, 1, 1, 0, 0, 0, 0, 0, 0, 0, 0, 0, 0, 0, 0, 0, 0, 0, 0, 0, 0, 0, 0, 0, 0, 1, 1, 0, 0, 0, 1, 0, 0, 1, 0, 0, 0, 0, 0, 0, 0, 0, 2, 0, 0, 0, 0, 0, 0, 0, 0, 0, 0, 0, 0, 0, 0, 0, 0, 0, 1, 0, 1, 0, 0, 0, 0, 1, 0, 0, 0, 0, 0, 0, 0, 0, 0, 0, 0, 0, 0, 0, 0, 0, 0, 0, 0, 0, 0, 1, 0, 0, 1, 0, 1, 0, 0, 0, 0, 1, 1, 0, 0, 1, 0, 0, 0, 0, 0, 1, 0, 0, 0, 0, 0, 0, 0, 0, 0, 0, 0, 0, 0, 0, 1, 0, 0, 0, 0, 0, 1, 0, 0, 0, 0, 0, 0, 0, 0, 0, 0, 0, 0, 0, 0, 0, 1, 1, 0, 0, 0, 0, 0, 0, 0, 0, 0, 0, 0, 0, 0, 1, 0, 0, 0, 0, 0, 1, 0, 0, 1, 0, 1, 0, 0, 0, 0, 0, 0, 0, 0, 0, 0, 0, 0, 0, 0, 0, 0, 0, 0, 1, 1], "pose": [[-0.28532665967941284, -0.9439142942428589, -0.1661759316921234, 0.0830879658460617], [-0.9439142942428589, 0.30681103467941284, -0.12203577905893326, 0.06101788952946663], [0.1661759316921234, 0.12203577905893326, -0.978515625, 0.4892578125], [0.0, 0.0, 0.0, 1.0]]}, {"hists": [0, 0, 1, 1, 0, 1, 2, 0, 2, 1, 1, 1, 2, 4, 0, 1, 2, 0, 2, 3, 2, 1, 0, 0, 4, 1, 2, 1, 3, 1, 0, 1, 2, 2, 0, 1, 3, 1, 1, 1, 0, 1, 2, 0, 0, 2, 1, 1, 1, 3, 5, 1, 0, 2, 0, 0, 1, 1, 4, 4, 3, 2, 1, 4, 3, 2, 0, 3, 2, 2, 1, 1, 2, 2, 2, 1, 3, 0, 2, 1, 1, 0, 1, 3, 3, 0, 1, 0, 2, 0, 1, 4, 1, 1, 1, 1, 2, 0, 2, 2, 0, 3, 1, 1, 4, 1, 0, 0, 1, 0, 3, 2, 1, 0, 0, 1, 3, 3, 2, 2, 0, 3, 4, 2, 0, 2, 2, 2, 1, 1, 2, 1, 1, 2, 0, 1, 3, 0, 2, 2, 3, 0, 1, 0, 1, 3, 2, 1, 1, 1, 1, 0, 1, 0, 1, 5, 2, 1, 0, 1, 0, 2, 0, 1, 0, 1, 2, 0, 1, 1, 1, 1, 1, 1, 0, 2, 1, 3, 2, 2, 0, 2, 1, 1, 1, 0, 0, 1, 2, 1, 2, 1, 3, 0, 3, 1, 1, 1, 0, 1, 2, 3, 4, 7, 7, 41, 71, 132, 204, 303, 389, 357, 368, 322, 302, 263, 207, 165, 142, 146, 137, 81, 108, 88, 54, 71, 47, 35, 38, 27, 35, 27, 21, 25, 30, 25, 14, 13, 3, 12, 9, 7, 4, 3, 2, 6, 2, 1, 2, 1, 3, 0, 1, 2, 2, 0, 0, 2, 1, 1, 0, 0, 0, 0, 0, 1, 0, 0, 2, 1, 0, 0, 1, 0, 1, 0, 0, 0, 0, 2, 0, 2, 0, 0, 0, 0, 0, 0, 0, 0, 0, 0, 0, 0, 0, 1, 0, 1, 0, 0, 1, 0, 0, 1, 0, 0, 0, 0, 0, 0, 0, 1, 0, 0, 1, 0, 0, 0, 0, 0, 0, 0, 0, 0, 0, 0, 0, 1, 0, 0, 0, 0, 1, 0, 0, 0, 0, 0, 0, 1, 0, 0, 0, 0, 0, 0, 0, 0, 0, 0, 0, 0, 0, 1, 0, 0, 1, 0, 0, 0, 0, 0, 0, 0, 0, 0, 0, 0, 0, 0, 0, 0, 0, 1, 0, 0, 0, 0, 0, 0, 0, 0, 0, 0, 0, 0, 0, 0, 0, 0, 0, 1, 0, 1, 0, 0, 0, 0, 0, 0, 0, 0, 0, 0, 0, 0, 0, 0, 0, 0, 0, 0, 1, 0, 0, 0, 0, 0, 1, 0, 0, 1, 0, 0, 0, 0, 0, 0, 0, 1, 0, 0, 0, 0, 0, 0, 0, 1, 0, 0, 0, 0, 0, 0, 0, 0, 0, 0, 1, 0, 0, 0, 0, 0, 0, 0, 1, 0, 0, 0, 0, 0, 0, 0, 0, 0, 0, 0, 0, 0, 0, 0, 0, 0, 0, 0, 0, 0, 0, 0, 0, 0, 0, 0, 0, 0, 0, 0, 0, 0, 0, 0, 0, 0, 0, 0, 0, 0, 0, 0, 0, 0, 0, 0, 0, 0, 0, 0, 0, 0, 0, 0, 0, 0, 0, 0, 0, 0, 1, 0, 0, 0, 0, 0, 0, 0, 0, 0, 0, 0, 0, 0, 1, 0, 0, 0, 0, 0, 0, 0, 0, 0, 0, 0, 1, 0, 0, 0, 0, 0, 0, 0, 0, 0, 0, 0, 0, 0, 0, 0, 0, 0, 1, 0, 0, 0, 0, 0, 0, 0, 0, 0, 0, 0, 0, 0, 0, 0, 0, 0, 0, 0, 0, 0, 0, 0, 0, 0, 0, 0, 1, 0, 0, 0, 0, 0, 0, 0, 0, 0, 0, 0, 0, 0, 0, 0, 0, 0, 0, 0, 0, 0, 0, 0, 0, 0, 0, 1, 0, 0, 0, 0, 0, 0, 0, 0, 0, 0, 1, 1, 0, 0, 0, 0, 0, 0, 0, 1, 0, 0, 0, 0, 0, 0, 0, 0, 0, 0, 0, 0, 0, 0, 1, 0, 0, 0, 0, 0, 0, 0, 0, 0, 0, 0, 0, 0, 0, 0, 0, 0, 0, 0, 0, 0, 0, 0, 0, 0, 0, 0, 0, 0, 0, 0, 0, 0, 0, 0, 0, 0, 0, 0, 0, 0, 0, 0, 0, 0, 0, 0, 0, 0, 0, 0, 0, 0, 0, 0, 0, 0, 0, 0, 0, 1, 0, 0, 0, 0, 0, 0, 0, 0, 0, 0, 1, 0, 0, 0, 0, 0, 0, 0, 0, 0, 0, 0, 0, 0, 0, 0, 0, 0, 0, 0, 0, 1, 0, 0, 0, 0, 0, 0, 0, 0, 0, 0, 0, 0, 0, 0, 0, 0, 0, 0, 0, 0, 0, 0, 0, 0, 0, 0, 0, 0, 0, 1, 0, 0, 0, 2, 0, 0, 0, 0, 0, 0, 0, 0, 0, 0, 0, 0, 0, 0, 0, 0, 0, 0, 0, 1, 0, 0, 0, 0, 0, 0, 0, 0, 0, 0, 0, 0, 0, 0, 0, 0, 0, 0, 0, 0, 0, 0, 0, 1, 0, 0, 0, 1, 1, 0, 0, 0, 0, 0, 0, 0, 0, 0, 0, 0, 0, 0, 0, 0, 0, 0, 0, 0, 0, 1, 0, 0, 1, 0, 0, 0, 0, 0, 0, 0, 0, 0, 0, 0, 0, 0, 0, 0, 0, 0, 0, 0, 0, 0, 1, 0, 0, 0, 0, 0, 0, 0, 0, 0, 0, 1, 0, 0, 0, 0, 0, 0, 0, 0, 0, 0, 0, 0, 0, 1, 0, 0, 0, 0, 0, 0, 0, 0, 0, 0, 0, 0, 0, 0, 0, 0, 0, 0, 0, 0, 0, 0, 0, 0, 0, 0, 0, 0, 0, 0, 0, 0, 0, 0, 0, 0, 0, 0, 0, 0, 0, 0, 0, 0, 0, 0, 0, 0, 0, 0, 0, 0, 0, 0, 0, 0, 0, 0, 0, 0, 0, 1, 0, 0, 1, 0, 0, 0, 0, 0, 0, 0, 1, 0, 0, 0, 0, 0, 0, 0, 1, 0, 0, 0, 0, 0, 0, 0, 0, 1, 0, 0, 0, 0, 0, 0, 0, 0, 0, 0, 1, 0, 0, 0, 0, 0, 0, 0, 0, 0, 0, 0, 0, 0, 0, 0, 1, 0, 0, 0, 0, 0, 0, 0], "pose": [[-0.9515812397003174, 0.2119935005903244, 0.2226024866104126, -0.1113012433052063], [0.2119935005903244, 0.9769718647003174, -0.024180535227060318, 0.012090267613530159], [-0.2226024866104126, 0.024180535227060318, -0.974609375, 0.4873046875], [0.0, 0.0, 0.0, 1.0]]}, {"hists": [1, 2, 2, 0, 3, 0, 0, 1, 1, 0, 2, 0, 1, 1, 1, 1, 0, 1, 0, 1, 2, 1, 1, 1, 1, 2, 0, 2, 1, 1, 2, 0, 0, 2, 1, 1, 0, 1, 3, 1, 1, 3, 0, 0, 2, 2, 1, 0, 0, 4, 0, 2, 0, 0, 4, 0, 1, 2, 2, 0, 2, 0, 0, 0, 4, 0, 1, 1, 2, 0, 0, 0, 0, 0, 0, 0, 1, 0, 1, 4, 1, 0, 2, 1, 0, 1, 1, 1, 0, 2, 1, 0, 6, 3, 1, 2, 0, 0, 5, 1, 3, 2, 0, 2, 2, 0, 1, 0, 2, 1, 1, 0, 1, 2, 4, 2, 5, 2, 2, 2, 1, 2, 1, 3, 3, 2, 1, 0, 3, 0, 1, 2, 0, 0, 0, 0, 0, 1, 1, 1, 0, 3, 2, 1, 0, 0, 6, 0, 1, 1, 1, 1, 1, 0, 1, 3, 0, 0, 0, 1, 1, 2, 5, 1, 1, 1, 0, 0, 0, 1, 0, 1, 1, 0, 1, 0, 2, 1, 1, 0, 0, 3, 3, 5, 0, 0, 1, 0, 2, 1, 2, 3, 0, 1, 0, 1, 0, 1, 2, 3, 2, 3, 0, 1, 1, 0, 2, 10, 17, 54, 90, 147, 210, 267, 299, 303, 287, 261, 245, 236, 244, 211, 159, 124, 126, 116, 99, 94, 60, 74, 58, 56, 47, 49, 42, 25, 27, 16, 15, 10, 12, 5, 4, 3, 6, 7, 4, 7, 3, 5, 6, 3, 2, 1, 3, 0, 1, 0, 2, 3, 0, 2, 2, 1, 0, 2, 0, 0, 1, 0, 4, 0, 0, 1, 1, 2, 2, 1, 1, 3, 1, 0, 1, 0, 1, 1, 1, 2, 0, 0, 0, 1, 0, 1, 0, 0, 1, 0, 2, 0, 0, 0, 1, 1, 1, 0, 0, 1, 0, 0, 2, 1, 0, 0, 0, 0, 0, 1, 2, 0, 0, 2, 1, 1, 1, 0, 1, 0, 0, 0, 0, 0, 1, 0, 1, 0, 0, 0, 0, 1, 0, 0, 0, 1, 0, 0, 0, 0, 0, 0, 0, 0, 0, 0, 0, 0, 0, 0, 0, 0, 0, 0, 0, 0, 1, 0, 0, 0, 0, 0, 0, 0, 0, 0, 0, 0, 1, 0, 0, 0, 0, 0, 0, 0, 0, 0, 0, 0, 0, 0, 1, 0, 0, 1, 0, 0, 0, 0, 0, 0, 0, 0, 0, 0, 0, 1, 0, 0, 0, 0, 1, 0, 0, 0, 0, 0, 0, 0, 0, 0, 0, 0, 0, 0, 0, 0, 0, 0, 0, 0, 1, 1, 0, 0, 0, 1, 0, 0, 0, 0, 0, 0, 0, 1, 0, 2, 0, 0, 0, 0, 0, 1, 1, 0, 0, 0, 0, 0, 0, 0, 0, 0, 0, 0, 0, 0, 1, 0, 0, 0, 0, 0, 0, 0, 0, 0, 0, 0, 1, 0, 0, 0, 0, 1, 0, 1, 0, 0, 1, 0, 1, 0, 0, 0, 1, 0, 0, 0, 0, 0, 0, 1, 0, 0, 0, 0, 0, 0, 0, 0, 1, 1, 0, 0, 0, 0, 0, 0, 0, 1, 0, 0, 0, 0, 0, 1, 1, 0, 0, 0, 0, 0, 0, 0, 0, 1, 0, 1, 0, 0, 1, 0, 1, 0, 0, 1, 0, 0, 0, 0, 0, 1, 0, 0, 0, 0, 0, 0, 0, 1, 0, 0, 0, 0, 0, 0, 0, 0, 0, 0, 0, 1, 1, 0, 0, 0, 0, 0, 0, 0, 0, 0, 0, 0, 0, 1, 0, 0, 0, 0, 0, 0, 0, 0, 0, 0, 0, 0, 1, 0, 0, 1, 1, 1, 0, 0, 0, 0, 0, 0, 0, 0, 1, 0, 0, 0, 0, 0, 0, 2, 0, 0, 0, 0, 0, 0, 0, 0, 0, 0, 0, 0, 0, 0, 0, 0, 1, 0, 1, 0, 0, 0, 0, 0, 0, 0, 1, 1, 0, 0, 0, 0, 0, 2, 0, 0, 0, 0, 0, 0, 0, 0, 0, 0, 0, 0, 0, 0, 0, 1, 0, 0, 0, 0, 0, 0, 0, 0, 0, 0, 0, 0, 1, 0, 0, 1, 0, 0, 0, 0, 0, 0, 0, 0, 1, 0, 0, 0, 0, 0, 0, 0, 0, 0, 1, 0, 0, 0, 0, 0, 0, 0, 0, 0, 0, 0, 1, 0, 0, 0, 0, 0, 0, 2, 0, 0, 2, 1, 0, 0, 0, 0, 0, 0, 1, 0, 0, 0, 0, 0, 0, 0, 0, 0, 0, 0, 0, 0, 0, 0, 0, 0, 0, 0, 0, 0, 1, 0, 0, 0, 0, 0, 0, 0, 0, 0, 1, 0, 0, 0, 0, 0, 0, 0, 0, 0, 0, 0, 0, 1, 1, 0, 0, 0, 1, 0, 0, 0, 0, 0, 1, 0, 2, 0, 0, 0, 0, 0, 0, 0, 0, 0, 1, 0, 0, 0, 0, 0, 0, 1, 0, 0, 0, 0, 0, 0, 1, 0, 0, 0, 0, 1, 0, 0, 0, 0, 0, 0, 1, 0, 0, 0, 0, 0, 0, 0, 0, 1, 0, 0, 0, 1, 0, 0, 1, 0, 0, 0, 0, 0, 0, 1, 0, 0, 0, 0, 0, 0, 0, 0, 0, 0, 0, 0, 1, 0, 0, 0, 0, 0, 0, 0, 0, 0, 0, 0, 0, 1, 0, 0, 0, 0, 0, 0, 1, 0, 0, 0, 1, 0, 0, 0, 1, 0, 0, 0, 0, 0, 0, 0, 1, 1, 0, 0, 0, 0, 0, 0, 0, 0, 0, 0, 0, 0, 0, 0, 0, 0, 1, 0, 0, 0, 0, 0, 0, 0, 0, 0, 0, 0, 0, 0, 0, 2, 0, 0, 0, 0, 0, 0, 1, 0, 1, 0, 0, 0, 0, 0, 0, 0, 0, 0, 0, 0, 0, 0, 0, 0, 1, 0, 0, 0, 0, 0, 1, 0, 0, 0, 0, 0, 0, 0, 0, 0, 0, 0, 0, 0, 1, 0, 0, 0, 0, 0, 0, 0, 0, 0, 0, 0, 0, 0, 0, 1, 0, 0, 0, 0, 0, 0, 0, 1, 0, 0, 1, 0, 0, 0, 0, 1, 0, 0, 0, 1, 0, 0, 1, 0, 0, 0, 0, 0, 0, 1], "pose": [[0.14127662777900696, 0.9771811366081238, -0.158612459897995, 0.0793062299489975], [0.9771811366081238, -0.11197976022958755, 0.18049247562885284, -0.09024623781442642], [0.158612459897995, -0.18049247562885284, -0.970703125, 0.4853515625], [0.0, 0.0, 0.0, 1.0]]}, {"hists": [0, 1, 1, 0, 0, 0, 0, 0, 2, 1, 1, 3, 2, 0, 0, 1, 1, 3, 1, 2, 0, 0, 2, 1, 0, 2, 1, 1, 0, 2, 1, 2, 3, 2, 1, 2, 4, 1, 4, 1, 0, 0, 0, 1, 2, 2, 2, 1, 2, 1, 0, 0, 1, 0, 0, 0, 0, 1, 0, 2, 2, 1, 2, 2, 0, 2, 0, 3, 1, 1, 2, 2, 1, 3, 1, 2, 1, 1, 0, 0, 0, 2, 0, 1, 0, 3, 0, 2, 1, 1, 1, 1, 1, 0, 1, 1, 1, 1, 0, 2, 4, 0, 3, 2, 4, 1, 2, 1, 2, 3, 3, 2, 2, 0, 1, 2, 0, 0, 1, 0, 2, 0, 1, 1, 1, 0, 2, 0, 3, 2, 1, 2, 0, 1, 1, 0, 2, 1, 1, 0, 1, 0, 2, 2, 1, 0, 3, 2, 2, 2, 2, 3, 2, 0, 0, 2, 3, 2, 2, 0, 0, 0, 1, 3, 1, 1, 0, 1, 1, 2, 1, 2, 1, 0, 2, 5, 1, 1, 0, 4, 2, 1, 0, 0, 4, 1, 1, 0, 1, 3, 1, 3, 1, 0, 0, 4, 1, 1, 1, 0, 0, 3, 2, 0, 3, 2, 2, 2, 1, 1, 2, 1, 3, 7, 18, 24, 78, 109, 198, 214, 285, 296, 304, 288, 256, 278, 228, 201, 166, 140, 135, 103, 71, 60, 63, 47, 35, 27, 30, 26, 21, 15, 19, 12, 12, 9, 7, 8, 7, 4, 5, 6, 4, 3, 2, 0, 3, 5, 1, 4, 2, 1, 3, 3, 1, 2, 0, 2, 2, 1, 0, 3, 1, 0, 2, 0, 2, 3, 0, 1, 1, 1, 0, 1, 1, 1, 0, 0, 0, 0, 1, 1, 0, 1, 1, 0, 1, 0, 1, 1, 5, 0, 0, 1, 0, 6, 0, 1, 0, 0, 1, 1, 0, 0, 0, 2, 0, 0, 0, 1, 0, 0, 0, 0, 0, 0, 1, 0, 3, 0, 1, 1, 1, 2, 1, 0, 1, 3, 0, 0, 1, 0, 0, 1, 0, 0, 0, 0, 0, 0, 0, 0, 0, 0, 0, 0, 0, 1, 0, 0, 1, 0, 0, 0, 0, 0, 0, 0, 1, 1, 0, 0, 2, 0, 0, 1, 1, 0, 1, 0, 1, 0, 0, 0, 0, 0, 0, 0, 0, 0, 0, 1, 1, 0, 0, 0, 1, 0, 0, 1, 0, 1, 0, 0, 0, 0, 0, 0, 0, 0, 0, 1, 0, 0, 0, 0, 0, 0, 1, 0, 1, 0, 0, 0, 1, 1, 0, 0, 0, 1, 0, 1, 0, 0, 0, 0, 0, 1, 0, 0, 0, 0, 0, 0, 0, 0, 0, 0, 0, 0, 0, 1, 0, 0, 0, 0, 0, 0, 0, 0, 0, 0, 0, 0, 0, 0, 0, 1, 0, 0, 0, 0, 0, 2, 0, 0, 0, 0, 0, 0, 0, 0, 0, 0, 0, 1, 0, 1, 1, 0, 1, 0, 0, 0, 0, 0, 1, 1, 0, 0, 0, 0, 0, 0, 1, 1, 0, 0, 0, 0, 1, 0, 0, 1, 1, 1, 0, 0, 0, 0, 2, 0, 1, 0, 0, 0, 1, 0, 0, 0, 0, 0, 1, 0, 1, 0, 0, 0, 0, 0, 0, 0, 0, 0, 0, 0, 0, 0, 0, 0, 0, 0, 0, 0, 0, 0, 0, 0, 1, 0, 1, 0, 2, 1, 0, 1, 0, 0, 0, 0, 0, 0, 0, 0, 0, 0, 0, 0, 0, 0, 0, 0, 1, 1, 0, 0, 0, 0, 0, 0, 0, 1, 0, 2, 0, 0, 0, 0, 1, 0, 1, 0, 1, 0, 0, 0, 0, 0, 0, 0, 0, 0, 0, 2, 0, 0, 0, 1, 0, 0, 0, 1, 0, 0, 0, 0, 0, 1, 0, 0, 0, 1, 0, 0, 0, 0, 0, 0, 0, 0, 0, 0, 1, 1, 0, 1, 0, 0, 0, 1, 1, 0, 1, 0, 0, 1, 0, 0, 0, 1, 0, 1, 0, 0, 0, 0, 0, 1, 0, 0, 0, 0, 0, 1, 0, 0, 0, 0, 1, 1, 0, 1, 0, 0, 1, 0, 0, 0, 1, 0, 1, 0, 0, 0, 0, 0, 0, 0, 1, 0, 0, 0, 0, 0, 0, 0, 0, 0, 0, 0, 1, 0, 0, 0, 0, 0, 0, 0, 0, 0, 0, 0, 0, 0, 0, 1, 0, 0, 1, 0, 0, 0, 0, 0, 0, 0, 0, 0, 0, 0, 0, 0, 0, 0, 0, 0, 0, 0, 0, 0, 0, 0, 0, 0, 0, 0, 0, 0, 0, 1, 0, 1, 0, 0, 0, 0, 1, 0, 0, 1, 0, 0, 1, 0, 1, 0, 0, 0, 0, 0, 0, 0, 0, 0, 0, 0, 0, 0, 0, 0, 0, 0, 0, 0, 0, 0, 0, 0, 0, 0, 0, 0, 1, 0, 1, 0, 0, 0, 1, 0, 1, 0, 0, 1, 0, 0, 0, 0, 0, 0, 0, 0, 0, 0, 1, 0, 0, 0, 0, 0, 0, 1, 0, 0, 0, 0, 0, 1, 0, 0, 0, 0, 0, 0, 0, 0, 0, 0, 0, 0, 1, 0, 1, 0, 0, 0, 0, 0, 0, 0, 0, 0, 0, 0, 0, 0, 0, 0, 0, 0, 0, 0, 0, 0, 0, 1, 0, 0, 0, 0, 1, 2, 0, 0, 0, 0, 0, 0, 0, 0, 0, 0, 0, 0, 0, 1, 0, 0, 0, 1, 0, 0, 0, 0, 0, 1, 1, 0, 0, 0, 0, 0, 0, 0, 0, 0, 1, 0, 1, 0, 0, 0, 2, 0, 0, 0, 1, 0, 0, 0, 0, 0, 0, 0, 0, 0, 0, 0, 0, 0, 0, 1, 0, 1, 0, 1, 0, 0, 0, 0, 0, 0, 0, 0, 0, 0, 0, 1, 0, 1, 1, 1, 0, 0, 0, 1, 0, 0, 0, 1, 0, 0, 0, 0, 0, 0, 1, 0, 0, 1, 0, 0, 0, 0, 0, 1, 1, 0, 1, 0, 0, 1, 0, 1, 0, 0, 0, 0, 0, 0, 0, 0, 0, 1, 0, 1, 0, 1, 1, 0, 0, 0, 0, 0, 0, 0, 0, 0, 0, 0, 0, 2, 0, 0], "pose": [[0.9991602301597595, -0.04063188657164574, -0.00528043182566762, 0.00264021591283381], [-0.04063188657164574, -0.9659571051597595, -0.2554915249347687, 0.12774576246738434], [0.00528043182566762, 0.2554915249347687, -0.966796875, 0.4833984375], [0.0, 0.0, 0.0, 1.0]]}, {"hists": [1, 1, 0, 1, 2, 3, 6, 1, 2, 0, 4, 2, 1, 1, 1, 3, 1, 1, 0, 1, 1, 0, 1, 1, 3, 2, 0, 1, 1, 1, 2, 0, 1, 1, 1, 1, 2, 1, 0, 2, 1, 1, 1, 1, 2, 0, 0, 1, 1, 2, 0, 2, 2, 2, 0, 1, 3, 1, 2, 1, 0, 2, 1, 2, 0, 3, 2, 2, 0, 0, 1, 2, 1, 0, 0, 1, 0, 1, 1, 3, 2, 4, 1, 1, 1, 2, 3, 0, 2, 1, 2, 2, 1, 2, 4, 3, 1, 3, 2, 1, 0, 0, 2, 0, 2, 0, 0, 0, 0, 2, 0, 1, 2, 2, 2, 2, 1, 1, 0, 1, 1, 2, 3, 3, 0, 3, 0, 1, 2, 1, 2, 0, 2, 0, 2, 4, 0, 4, 1, 2, 1, 0, 2, 0, 0, 1, 1, 2, 0, 1, 1, 2, 0, 1, 0, 1, 0, 1, 1, 2, 2, 1, 4, 1, 3, 0, 0, 0, 1, 0, 2, 2, 1, 2, 1, 2, 0, 1, 1, 4, 0, 0, 1, 1, 2, 1, 1, 4, 0, 0, 1, 1, 1, 2, 0, 0, 1, 1, 0, 0, 2, 1, 1, 2, 1, 5, 19, 50, 58, 98, 165, 214, 251, 259, 271, 277, 262, 239, 204, 163, 167, 140, 113, 139, 107, 97, 94, 67, 81, 73, 60, 53, 49, 34, 31, 24, 26, 26, 17, 14, 16, 12, 14, 7, 5, 1, 2, 2, 3, 6, 2, 2, 5, 4, 2, 3, 5, 2, 0, 0, 0, 2, 1, 1, 1, 0, 1, 0, 1, 0, 0, 2, 0, 0, 0, 0, 0, 1, 1, 1, 0, 0, 0, 1, 0, 0, 2, 0, 2, 1, 1, 0, 1, 1, 0, 2, 0, 1, 2, 0, 0, 0, 0, 0, 0, 0, 2, 0, 0, 0, 0, 1, 0, 1, 1, 0, 1, 0, 1, 0, 0, 0, 2, 0, 0, 0, 1, 0, 1, 0, 0, 0, 0, 1, 0, 2, 1, 2, 0, 0, 0, 0, 0, 0, 0, 1, 0, 0, 0, 0, 0, 0, 0, 0, 0, 1, 0, 0, 0, 1, 0, 0, 1, 0, 0, 1, 0, 1, 0, 0, 0, 0, 1, 0, 2, 2, 0, 1, 0, 0, 0, 0, 1, 1, 0, 0, 0, 0, 0, 0, 0, 0, 0, 0, 0, 0, 0, 0, 0, 0, 0, 0, 0, 0, 0, 0, 0, 1, 0, 0, 0, 0, 0, 0, 0, 1, 0, 1, 1, 0, 0, 0, 0, 0, 2, 0, 0, 0, 0, 0, 0, 0, 0, 0, 1, 0, 0, 0, 0, 0, 0, 0, 0, 0, 1, 0, 1, 0, 0, 1, 0, 0, 0, 1, 0, 0, 0, 0, 0, 1, 1, 0, 0, 0, 0, 1, 0, 0, 0, 0, 0, 1, 1, 0, 0, 0, 1, 0, 0, 0, 0, 0, 1, 0, 0, 1, 0, 0, 0, 0, 0, 0, 0, 0, 0, 0, 0, 0, 0, 0, 0, 0, 1, 0, 0, 0, 0, 0, 0, 0, 0, 0, 0, 1, 0, 2, 0, 0, 0, 0, 0, 0, 0, 0, 0, 0, 0, 0, 0, 0, 0, 0, 0, 0, 0, 0, 0, 1, 1, 1, 0, 0, 0, 0, 0, 0, 0, 0, 1, 0, 0, 0, 0, 1, 0, 0, 1, 0, 0, 1, 0, 0, 0, 0, 0, 0, 1, 0, 0, 1, 1, 0, 1, 0, 0, 0, 0, 0, 0, 1, 0, 0, 0, 0, 0, 0, 0, 0, 0, 0, 0, 0, 0, 0, 0, 1, 0, 0, 0, 0, 0, 0, 0, 1, 0, 0, 0, 1, 0, 0, 0, 0, 0, 0, 0, 0, 0, 0, 0, 0, 0, 0, 0, 0, 0, 0, 0, 0, 0, 1, 0, 0, 0, 0, 0, 0, 1, 0, 0, 0, 0, 1, 1, 0, 0, 0, 1, 0, 0, 0, 1, 0, 0, 0, 0, 0, 0, 0, 0, 0, 0, 1, 0, 0, 0, 1, 0, 1, 0, 0, 0, 0, 0, 0, 0, 0, 0, 0, 0, 0, 0, 0, 1, 2, 0, 0, 0, 0, 0, 0, 0, 0, 0, 0, 0, 0, 0, 0, 0, 0, 1, 0, 0, 0, 0, 1, 0, 0, 0, 0, 0, 0, 0, 0, 0, 0, 0, 0, 0, 0, 0, 0, 0, 0, 0, 0, 0, 0, 0, 0, 0, 0, 0, 1, 0, 1, 0, 0, 1, 0, 0, 0, 1, 0, 0, 0, 0, 0, 0, 0, 0, 0, 0, 0, 2, 0, 0, 0, 1, 0, 0, 0, 0, 0, 0, 0, 0, 1, 1, 0, 1, 0, 0, 0, 1, 0, 0, 2, 0, 0, 0, 0, 1, 0, 0, 0, 0, 0, 0, 0, 1, 0, 0, 0, 0, 0, 0, 1, 0, 0, 0, 0, 0, 0, 0, 0, 0, 0, 1, 0, 0, 1, 0, 0, 0, 0, 0, 0, 1, 0, 0, 0, 0, 0, 0, 0, 0, 0, 0, 0, 0, 0, 1, 0, 0, 0, 0, 1, 0, 0, 0, 1, 0, 0, 0, 0, 0, 0, 0, 0, 0, 0, 1, 1, 1, 0, 0, 0, 0, 0, 0, 0, 0, 0, 0, 0, 0, 1, 0, 0, 0, 0, 1, 1, 0, 0, 0, 0, 0, 0, 0, 0, 0, 0, 0, 0, 0, 2, 0, 0, 0, 0, 0, 0, 0, 0, 0, 0, 0, 0, 0, 0, 0, 0, 0, 1, 0, 0, 0, 0, 0, 0, 0, 0, 0, 1, 0, 0, 0, 0, 0, 0, 0, 0, 0, 0, 0, 0, 0, 0, 0, 0, 0, 0, 1, 1, 0, 0, 1, 0, 1, 0, 0, 0, 0, 0, 0, 0, 1, 0, 1, 0, 0, 0, 2, 0, 0, 0, 0, 0, 0, 1, 0, 0, 0, 0, 0, 1, 0, 0, 0, 0, 0, 0, 0, 0, 0, 0, 1, 0, 0, 0, 1, 0, 0, 0, 0, 1, 0, 0, 0, 0, 1, 1, 0, 0, 2, 0, 1, 0, 0, 0, 0, 0, 0, 0, 0, 0, 0, 0, 1, 0, 0, 0, 0, 0, 0, 0, 0, 0, 0, 0, 0, 1], "pose": [[0.06388907879590988, -0.9803977012634277, 0.18638265132904053, -0.09319132566452026], [-0.9803977012634277, -0.02677970565855503, 0.19520029425621033, -0.09760014712810516], [-0.18638265132904053, -0.19520029425621033, -0.962890625, 0.4814453125], [0.0, 0.0, 0.0, 1.0]]}, {"hists": [1, 0, 0, 1, 1, 1, 1, 2, 1, 1, 0, 0, 1, 2, 0, 0, 0, 0, 1, 0, 1, 1, 3, 2, 1, 1, 0, 4, 0, 1, 1, 1, 3, 0, 1, 2, 1, 0, 0, 0, 0, 1, 1, 1, 0, 3, 1, 2, 3, 0, 3, 0, 2, 1, 1, 0, 1, 1, 1, 4, 0, 1, 0, 1, 4, 1, 2, 3, 2, 4, 1, 1, 2, 3, 0, 2, 0, 0, 3, 2, 2, 0, 0, 2, 1, 0, 0, 3, 3, 1, 1, 0, 0, 2, 2, 1, 0, 1, 2, 1, 1, 1, 5, 2, 0, 0, 0, 1, 1, 1, 1, 2, 4, 0, 0, 0, 2, 0, 1, 2, 1, 1, 1, 3, 0, 4, 2, 0, 1, 2, 2, 1, 0, 1, 1, 3, 4, 3, 1, 1, 0, 2, 0, 2, 1, 3, 2, 1, 1, 2, 0, 3, 0, 0, 3, 0, 4, 0, 1, 1, 2, 2, 1, 5, 1, 0, 1, 0, 1, 4, 2, 1, 1, 1, 1, 0, 2, 2, 2, 0, 2, 0, 0, 1, 2, 3, 1, 0, 1, 1, 1, 4, 2, 1, 0, 2, 1, 3, 15, 20, 50, 105, 163, 213, 276, 326, 359, 352, 290, 294, 241, 188, 189, 169, 127, 99, 104, 93, 88, 67, 80, 48, 59, 43, 34, 35, 24, 19, 30, 19, 28, 24, 22, 25, 18, 16, 13, 14, 10, 7, 5, 5, 3, 1, 2, 2, 0, 1, 1, 0, 1, 0, 0, 1, 3, 1, 1, 1, 0, 0, 0, 1, 1, 1, 0, 1, 0, 0, 2, 0, 0, 1, 0, 0, 0, 0, 1, 0, 0, 0, 0, 0, 0, 0, 0, 0, 0, 0, 0, 1, 0, 1, 0, 0, 0, 1, 0, 0, 1, 0, 1, 0, 0, 0, 0, 0, 0, 0, 0, 0, 0, 0, 0, 0, 0, 0, 0, 1, 0, 0, 0, 0, 0, 0, 0, 0, 0, 0, 0, 0, 0, 0, 1, 0, 0, 0, 0, 0, 0, 0, 1, 0, 0, 0, 0, 0, 0, 0, 0, 0, 0, 0, 0, 0, 1, 0, 0, 0, 0, 0, 0, 0, 0, 1, 0, 0, 1, 0, 0, 2, 0, 0, 0, 0, 0, 1, 0, 0, 0, 0, 0, 0, 0, 0, 0, 0, 0, 0, 0, 0, 0, 0, 0, 0, 0, 0, 0, 0, 0, 1, 0, 0, 1, 0, 0, 0, 0, 0, 1, 0, 0, 0, 0, 0, 0, 1, 0, 0, 0, 0, 1, 1, 0, 0, 0, 0, 0, 0, 0, 0, 0, 0, 0, 0, 0, 0, 1, 0, 0, 0, 0, 0, 0, 0, 0, 0, 0, 0, 0, 0, 0, 0, 0, 0, 0, 0, 0, 0, 0, 0, 0, 0, 0, 0, 0, 0, 0, 0, 0, 0, 0, 0, 0, 0, 0, 0, 0, 0, 0, 0, 0, 0, 0, 0, 1, 0, 0, 0, 0, 0, 0, 0, 0, 0, 0, 1, 0, 1, 0, 0, 0, 0, 0, 0, 0, 0, 0, 0, 0, 0, 1, 1, 0, 0, 0, 0, 0, 0, 0, 0, 0, 0, 0, 0, 0, 0, 0, 0, 0, 0, 0, 0, 0, 0, 0, 0, 1, 0, 0, 0, 0, 0, 0, 0, 0, 0, 0, 0, 0, 0, 0, 0, 0, 0, 0, 0, 0, 0, 0, 0, 1, 0, 0, 0, 0, 0, 0, 0, 0, 0, 0, 0, 1, 0, 0, 0, 0, 0, 0, 0, 0, 0, 0, 0, 0, 0, 0, 0, 0, 0, 0, 0, 0, 0, 0, 1, 0, 1, 0, 0, 0, 0, 0, 0, 0, 0, 0, 0, 0, 0, 0, 0, 0, 0, 0, 0, 0, 0, 1, 0, 0, 0, 0, 0, 1, 0, 0, 0, 0, 0, 1, 0, 0, 2, 0, 0, 0, 0, 0, 0, 0, 1, 0, 0, 0, 0, 0, 0, 0, 0, 0, 0, 0, 0, 0, 0, 0, 0, 0, 0, 0, 0, 0, 0, 0, 0, 0, 0, 0, 0, 0, 0, 0, 0, 0, 0, 0, 0, 0, 0, 0, 0, 0, 0, 0, 0, 0, 0, 0, 0, 0, 0, 0, 0, 0, 0, 0, 0, 0, 0, 0, 0, 0, 0, 0, 0, 0, 0, 0, 0, 0, 0, 0, 0, 0, 0, 0, 0, 0, 0, 0, 0, 0, 0, 0, 0, 0, 0, 0, 0, 1, 0, 0, 0, 0, 0, 0, 0, 0, 0, 0, 0, 0, 0, 0, 0, 0, 1, 0, 0, 0, 0, 0, 0, 0, 0, 0, 0, 1, 0, 0, 0, 0, 0, 0, 0, 0, 0, 0, 0, 0, 0, 0, 0, 0, 0, 0, 0, 0, 0, 0, 0, 0, 0, 0, 0, 0, 0, 0, 0, 0, 0, 0, 0, 0, 0, 0, 0, 0, 0, 0, 0, 0, 0, 0, 0, 0, 0, 0, 0, 0, 0, 0, 0, 0, 0, 0, 0, 0, 0, 0, 0, 0, 0, 0, 0, 0, 0, 0, 0, 0, 0, 0, 0, 0, 0, 0, 1, 0, 1, 0, 0, 0, 0, 0, 0, 0, 0, 0, 0, 0, 0, 0, 0, 0, 0, 0, 0, 0, 0, 0, 0, 0, 1, 0, 0, 0, 0, 0, 0, 0, 0, 0, 0, 0, 0, 0, 0, 0, 0, 0, 0, 1, 0, 0, 0, 0, 0, 0, 0, 0, 0, 0, 0, 0, 0, 0, 0, 0, 0, 0, 0, 0, 1, 0, 0, 0, 0, 0, 1, 0, 0, 0, 0, 0, 0, 0, 0, 0, 0, 0, 0, 0, 1, 0, 0, 0, 0, 0, 0, 0, 0, 0, 0, 0, 0, 0, 0, 0, 0, 0, 0, 0, 0, 0, 0, 1, 0, 0, 0, 0, 0, 0, 0, 0, 0, 0, 0, 0, 1, 0, 0, 0, 0, 0, 0, 0, 0, 0, 0, 0, 0, 1, 1, 0, 0, 0, 0, 1, 0, 0, 0, 0, 0, 0, 0, 0, 0, 0, 0, 0, 0, 0, 0, 0, 0, 0, 0, 0, 0, 0, 0, 0, 0, 1, 0, 0, 0, 0, 0, 0, 0, 0, 1, 0, 0, 1, 0, 0, 0, 0, 0, 0, 0], "pose": [[-0.9502369165420532, -0.1306123435497284, -0.2828253507614136, 0.1414126753807068], [-0.1306123435497284, 0.9912525415420532, -0.01894153468310833, 0.009470767341554165], [0.2828253507614136, 0.01894153468310833, -0.958984375, 0.4794921875], [0.0, 0.0, 0.0, 1.0]]}, {"hists": [3, 0, 1, 1, 1, 1, 0, 2, 0, 0, 2, 0, 1, 2, 2, 3, 2, 1, 1, 1, 3, 1, 1, 3, 1, 3, 0, 0, 2, 2, 1, 1, 1, 0, 2, 1, 1, 3, 0, 1, 1, 2, 3, 4, 2, 1, 0, 0, 1, 2, 1, 0, 1, 0, 0, 0, 3, 2, 1, 3, 0, 0, 1, 1, 0, 1, 1, 0, 0, 2, 4, 2, 1, 0, 1, 0, 0, 0, 2, 1, 1, 1, 1, 3, 1, 1, 1, 1, 0, 3, 2, 3, 2, 2, 0, 3, 0, 3, 2, 1, 1, 0, 0, 2, 1, 0, 1, 0, 0, 5, 0, 0, 3, 1, 2, 0, 0, 3, 1, 0, 0, 1, 2, 3, 2, 1, 2, 0, 1, 1, 3, 0, 2, 1, 2, 0, 0, 0, 0, 0, 0, 1, 3, 0, 3, 1, 0, 0, 2, 1, 0, 3, 1, 1, 0, 5, 4, 2, 1, 0, 1, 2, 4, 1, 2, 1, 1, 0, 4, 6, 0, 2, 0, 1, 1, 2, 1, 2, 2, 2, 0, 1, 3, 2, 0, 4, 1, 0, 1, 0, 0, 2, 0, 1, 0, 3, 3, 1, 2, 2, 4, 5, 8, 29, 58, 94, 154, 180, 201, 266, 233, 249, 269, 235, 201, 184, 152, 161, 133, 140, 116, 104, 110, 94, 77, 67, 68, 62, 54, 35, 58, 40, 31, 39, 34, 32, 26, 22, 18, 11, 7, 10, 6, 6, 6, 7, 2, 3, 2, 3, 3, 2, 0, 3, 1, 3, 3, 0, 0, 0, 1, 2, 1, 0, 1, 0, 2, 0, 2, 0, 0, 0, 0, 0, 2, 0, 0, 0, 0, 0, 0, 0, 1, 1, 1, 0, 0, 0, 0, 0, 0, 0, 0, 0, 0, 0, 0, 0, 0, 0, 0, 0, 1, 0, 0, 0, 1, 0, 0, 0, 0, 0, 0, 0, 0, 0, 0, 0, 0, 0, 0, 1, 0, 0, 0, 0, 0, 0, 0, 1, 0, 0, 0, 1, 0, 0, 0, 0, 0, 0, 0, 0, 0, 0, 0, 1, 0, 0, 0, 2, 0, 0, 0, 1, 1, 0, 0, 0, 0, 0, 1, 0, 0, 0, 0, 0, 0, 0, 1, 0, 0, 0, 0, 0, 0, 0, 0, 0, 0, 0, 0, 1, 0, 0, 1, 0, 0, 0, 0, 0, 0, 1, 0, 0, 0, 0, 0, 0, 0, 0, 0, 0, 0, 0, 0, 0, 0, 0, 1, 0, 0, 0, 0, 0, 0, 0, 0, 0, 0, 0, 0, 0, 0, 0, 0, 0, 0, 0, 0, 1, 0, 1, 0, 0, 0, 0, 0, 1, 0, 0, 0, 0, 1, 0, 0, 0, 0, 0, 0, 0, 0, 0, 0, 0, 0, 0, 0, 0, 0, 0, 0, 0, 0, 0, 0, 1, 1, 0, 0, 0, 0, 0, 0, 0, 0, 1, 0, 0, 0, 0, 0, 0, 0, 0, 0, 0, 0, 0, 0, 0, 0, 0, 0, 1, 0, 1, 1, 0, 0, 0, 0, 0, 0, 0, 0, 0, 1, 1, 0, 0, 1, 0, 0, 1, 1, 0, 0, 0, 0, 0, 0, 0, 0, 0, 0, 0, 0, 0, 0, 0, 0, 0, 1, 0, 0, 0, 0, 0, 0, 0, 1, 0, 0, 0, 0, 0, 0, 0, 0, 0, 0, 0, 0, 1, 0, 0, 0, 1, 0, 1, 0, 0, 1, 0, 0, 0, 1, 0, 0, 0, 0, 2, 0, 0, 0, 0, 0, 0, 0, 1, 0, 0, 0, 0, 0, 0, 0, 0, 0, 0, 0, 0, 0, 0, 0, 0, 0, 0, 0, 0, 0, 0, 0, 0, 0, 0, 0, 0, 0, 0, 0, 0, 0, 1, 0, 0, 0, 0, 0, 1, 0, 0, 0, 0, 1, 1, 0, 0, 0, 0, 0, 1, 0, 0, 0, 1, 0, 0, 0, 0, 0, 0, 0, 0, 0, 1, 0, 0, 0, 0, 0, 1, 0, 0, 0, 1, 0, 0, 1, 0, 0, 0, 0, 0, 0, 0, 0, 0, 0, 0, 0, 0, 2, 0, 0, 0, 0, 0, 1, 0, 0, 0, 0, 0, 0, 0, 0, 1, 0, 0, 0, 0, 0, 0, 0, 0, 0, 0, 0, 0, 0, 0, 1, 0, 0, 0, 0, 0, 0, 1, 0, 0, 0, 0, 0, 0, 0, 0, 0, 0, 0, 0, 0, 0, 0, 0, 0, 1, 0, 0, 0, 2, 0, 0, 0, 0, 0, 0, 0, 0, 0, 1, 0, 0, 0, 0, 1, 0, 0, 1, 0, 0, 0, 0, 0, 0, 1, 2, 1, 0, 1, 0, 0, 0, 0, 0, 0, 0, 0, 0, 0, 0, 0, 0, 0, 0, 0, 0, 0, 0, 0, 0, 0, 0, 0, 0, 0, 0, 0, 0, 0, 0, 0, 0, 0, 0, 0, 0, 0, 0, 0, 0, 0, 0, 0, 0, 0,